StartChar: SF520000
Encoding: 9555 9555 1435
Width: 926
Flags: HW
LayerCount: 2
Fore
Refer: 1352 9472 N 0.550756 0 0 1 416 0 2
Refer: 1354 9474 N 1 0 0 0.509524 35 -170.686 2
Refer: 1354 9474 N 1 0 0 0.509524 -35 -170.686 2
EndChar
