StartChar: SF380000
Encoding: 9562 9562 1442
Width: 926
Flags: HW
LayerCount: 2
Fore
Refer: 1352 9472 N 0.550756 0 0 1 416 -35 2
Refer: 1352 9472 N 0.475162 0 0 1 486 35 2
Refer: 1354 9474 N 1 0 0 0.537302 -35 421.981 2
Refer: 1354 9474 N 1 0 0 0.481746 35 472.648 2
EndChar
