StartChar: SF270000
Encoding: 9564 9564 1444
Width: 926
Flags: HW
LayerCount: 2
Fore
Refer: 1354 9474 N 1 0 0 0.509524 -35 447.314 2
Refer: 1354 9474 N 1 0 0 0.509524 35 447.314 2
Refer: 1352 9472 N 0.550756 0 0 1 0 0 2
EndChar
