StartChar: SF220000
Encoding: 9557 9557 1437
Width: 926
Flags: HW
LayerCount: 2
Fore
Refer: 1352 9472 N 0.512959 0 0 1 0 35 2
Refer: 1352 9472 N 0.512959 0 0 1 0 -35 2
Refer: 1354 9474 N 1 0 0 0.537302 0 -161.019 2
EndChar
