StartChar: SF360000
Encoding: 9566 9566 1446
Width: 1000
VWidth: 0
Flags: HW
LayerCount: 2
Fore
Refer: 1354 9474 N 1 0 0 1 0 0 2
Refer: 1352 9472 S 0.512959 0 0 1 451 35 2
Refer: 1352 9472 S 0.512959 0 0 1 451 -35 2
EndChar
