StartChar: SF420000
Encoding: 9568 9568 1448
Width: 926
VWidth: 0
Flags: HW
LayerCount: 2
Fore
Refer: 1352 9472 S 0.475162 0 0 1 486 35 2
Refer: 1354 9474 S 1 0 0 0.481746 35 472.648 2
Refer: 1352 9472 S 0.475162 0 0 1 486 -35 2
Refer: 1354 9474 S 1 0 0 0.481746 35 -180.352 2
Refer: 1354 9474 S 1 0 0 1 -35 0 2
EndChar
