StartChar: SF510000
Encoding: 9554 9554 1434
Width: 926
Flags: HW
LayerCount: 2
Fore
Refer: 1354 9474 N 1 0 0 0.537302 0 -161.019 2
Refer: 1352 9472 N 0.512959 0 0 1 451 -35 2
Refer: 1352 9472 N 0.512959 0 0 1 451 35 2
EndChar
