StartChar: SF440000
Encoding: 9580 9580 1460
Width: 926
Flags: HW
LayerCount: 2
Fore
Refer: 1354 9474 N 1 0 0 0.481746 35 -180.352 2
Refer: 1352 9472 N 0.475162 0 0 1 486 -35 2
Refer: 1354 9474 N 1 0 0 0.481746 -35 -180.352 2
Refer: 1352 9472 N 0.475162 0 0 1 0 -35 2
Refer: 1354 9474 N 1 0 0 0.481746 35 472.648 2
Refer: 1352 9472 N 0.475162 0 0 1 486 35 2
Refer: 1352 9472 N 0.475162 0 0 1 5.10703e-15 35 2
Refer: 1354 9474 N 1 0 0 0.481746 -35 472.648 2
EndChar
