StartChar: SF280000
Encoding: 9563 9563 1443
Width: 926
Flags: HW
LayerCount: 2
Fore
Refer: 1352 9472 N 0.512959 0 0 1 0 -35 2
Refer: 1352 9472 N 0.512959 0 0 1 0 35 2
Refer: 1469 9589 N 1 0 0 1.05452 0 -49.7196 2
EndChar
