StartChar: SF480000
Encoding: 9573 9573 1453
Width: 926
Flags: HW
LayerCount: 2
Fore
Refer: 1352 9472 N 1 0 0 1 0 0 2
Refer: 1354 9474 N 1 0 0 0.509524 -35 -170.686 2
Refer: 1354 9474 N 1 0 0 0.509524 35 -170.686 2
EndChar
