StartChar: SF190000
Encoding: 9569 9569 1449
Width: 926
VWidth: 0
Flags: HW
LayerCount: 2
Fore
Refer: 1352 9472 S 0.512959 0 0 1 0 -35 2
Refer: 1352 9472 S 0.512959 0 0 1 0 35 2
Refer: 1354 9474 N 1 0 0 1 0 0 2
EndChar
