StartChar: clickalveolar.pcap
Encoding: 57472 57472 967
Width: 378
UnlinkRmOvrlpSave: 1
Flags: HW
HStem: 124 53.9999<60 318> 245 53.9999<60 318>
LayerCount: 2
Fore
Refer: 1026 58114 N 0.258 0 0 1.17391 60 272 2
Refer: 1026 58114 N 0.258 0 0 1.17391 60 151 2
Refer: 964 57470 N 1 0 0 1 90 0 2
EndChar
