StartChar: lslash.pcap
Encoding: 57435 57435 936
Width: 456
VWidth: 1159
UnlinkRmOvrlpSave: 1
Flags: HW
HStem: -5 28<67 96.6314> 1 35<188.915 347.424> 380 26<62.4643 98.7524 195.343 240.385>
VStem: 106 75<39.8145 372.901> 395 23<89.6116 110>
LayerCount: 2
Fore
Refer: 152 823 N 0.771312 -0.472346 0.0118908 0.919093 381.902 -109.269 2
Refer: 324 57358 N 1 0 0 1 0 0 3
EndChar
