StartChar: male
Encoding: 9794 9794 878
Width: 724
VWidth: 950
UnlinkRmOvrlpSave: 1
Flags: HW
LayerCount: 2
Fore
Refer: 1035 58114 N 0.174428 0.146363 -0.558946 0.666126 392.786 326.818 2
Refer: 879 8963 N 0.615148 -0.733105 0.733105 0.615148 83.8533 275.244 2
Refer: 875 9898 N 1 0 0 1 -0.480469 1 2
EndChar
