StartChar: uni01C6
Encoding: 454 454 571
Width: 983
Flags: HW
HStem: 0 31<648 872> 362 32<588 825> 451 102<-225.927 -142.073> 487.6 184.8
VStem: -236 104<460.954 543.046> 631.75 225.5
DStem2: 825 360 648 31 0.646621 0.762811<-366.184 0>
LayerCount: 2
Fore
Refer: 1225 382 N 1 0 0 1 517 0 2
Refer: 196 100 N 1 0 0 1 0 0 2
Substitution2: "case-1" uni01C4
EndChar
