StartChar: uni023A
Encoding: 570 570 603
Width: 748
UnlinkRmOvrlpSave: 1
Flags: HW
HStem: -10 37<496.198 537.465 661.751 711.047> 245 42<258 448.657> 692 20<369 416.5>
VStem: 371 43<632.023 712>
DStem2: 117 80 175 87 0.391141 0.920331<-3.53261 211.909 245.659 524.174> 428 642 486 236 0.354654 -0.934998<388.302 400.179 571.058 597.203>
LayerCount: 2
Fore
Refer: 487 58113 N 0.511902 0.819214 -0.901051 0.563039 129.092 -68.1662 2
Refer: 1243 65 N 1 0 0 1 0 0 2
EndChar
