StartChar: uni01B6
Encoding: 438 438 560
Width: 466
UnlinkRmOvrlpSave: 1
Flags: HW
HStem: 0 31<135 359> 187.496 34.55<76 374> 362 32<75 312>
DStem2: 312 360 135 31 0.646621 0.762811<-366.184 0>
LayerCount: 2
Fore
Refer: 676 821 N 1.1 0 0 0.90921 419.7 -274.383 2
Refer: 1223 122 N 1 0 0 1 0 0 2
EndChar
