StartChar: uni023E
Encoding: 574 574 606
Width: 746
UnlinkRmOvrlpSave: 1
Flags: HW
HStem: -7 44<428.307 522> 634 51<103.399 323.89 423 639.844>
VStem: 321 97<51.3596 333.831>
LayerCount: 2
Fore
Refer: 487 58113 N 0.511902 0.819214 -0.901051 0.563039 125.092 -68.1662 2
Refer: 1322 84 N 1 0 0 1 0 0 2
EndChar
