StartChar: uni0247
Encoding: 583 583 613
Width: 409
Flags: HW
HStem: 425 168
VStem: 53 185
LayerCount: 2
Fore
Refer: 487 58113 N 0.266033 0.510192 -0.832446 0.432622 75.4837 -55.0962 2
Refer: 215 101 N 1 0 0 1 0 0 2
EndChar
