StartChar: uni023C
Encoding: 572 572 1061
Width: 421
VWidth: 1159
Flags: HW
HStem: -15 52<185 333> 357 60<169 308>
VStem: 34 71<119 282>
LayerCount: 2
Fore
Refer: 1025 58113 S 0.266033 0.510192 -0.832446 0.432622 96.4837 -55.0962 2
Refer: 2 99 N 1 0 0 1 0 0 2
EndChar
