StartChar: uni023E
Encoding: 574 574 606
Width: 746
UnlinkRmOvrlpSave: 1
Flags: HW
HStem: -7 44<430.307 524> 634 51<105.399 325.89 425 641.844>
VStem: 323 97<51.3596 333.831>
LayerCount: 2
Fore
Refer: 487 58113 N 0.511902 0.819214 -0.901051 0.563039 127.092 -68.1662 2
Refer: 1322 84 N 1 0 0 1 0 0 2
EndChar
