StartChar: uni01B6
Encoding: 438 438 982
Width: 453
VWidth: 1159
UnlinkRmOvrlpSave: 1
Flags: HW
HStem: 0 31<137 361> 187.496 34.55<78 376> 362 32<77 314>
DStem2: 314 360 137 31 0.646621 0.762811<-366.184 0>
LayerCount: 2
Fore
Refer: 267 821 S 1.1 0 0 0.90921 421.7 -274.383 2
Refer: 25 122 N 1 0 0 1 0 0 2
EndChar
