StartChar: uni0246
Encoding: 582 582 612
Width: 661
UnlinkRmOvrlpSave: 1
Flags: HW
HStem: -9 35<39 84.5829> 3.06988 37.3024<214.897 475.73> 333 36<188 456.393> 656 31<31 91.489>
VStem: 105 93<372.534 637.287> 109.788 78.2122<90.4624 333 369 602.188> 480 36<247.75 305.348 393.846 441.094> 521 30<536 617.59> 581 28<152.034 171.75>
LayerCount: 2
Fore
Refer: 487 58113 N 0.512153 0.819214 -0.901492 0.563039 71.4234 -68.1662 2
Refer: 1264 69 N 1 0 0 1 0 0 2
EndChar
