StartChar: uni0246
Encoding: 582 582 612
Width: 685
UnlinkRmOvrlpSave: 1
Flags: HW
HStem: -9 35<53 98.5829> 3.06988 37.3024<228.897 489.73> 333 36<202 470.393> 656 31<45 105.489>
VStem: 119 93<372.534 637.287> 123.788 78.2122<90.4624 333 369 602.188> 494 36<247.75 305.348 393.846 441.094> 535 30<536 617.59> 595 28<152.034 171.75>
LayerCount: 2
Fore
Refer: 487 58113 N 0.512153 0.819214 -0.901492 0.563039 85.4234 -68.1662 2
Refer: 1264 69 N 1 0 0 1 0 0 2
EndChar
