StartChar: uni0246
Encoding: 582 582 989
Width: 619
UnlinkRmOvrlpSave: 1
Flags: HW
HStem: -9 35<25 70.5829> 3.06988 37.3024<200.897 461.73> 333 36<174 442.393> 656 31<17 77.489>
VStem: 91 93<372.534 637.287> 95.7878 78.2122<90.4624 333 369 602.188> 466 36<247.75 305.348 393.846 441.094> 507 30<536 617.59> 567 28<152.034 171.75>
LayerCount: 2
Fore
Refer: 1025 58113 N 0.512153 0.819214 -0.901492 0.563039 57.4234 -68.1662 2
Refer: 30 69 N 1 0 0 1 0 0 2
EndChar
