StartChar: uni0243
Encoding: 579 579 985
Width: 588
VWidth: 1159
UnlinkRmOvrlpSave: 1
Flags: HW
HStem: -4 38<21 95.426 197.57 387.69> 179 46<25.0776 332.077> 349 30<187 326.635> 653 41<23 90.219 199.972 332.268>
VStem: 105 80<45.6349 349 379 533.879> 392 90<447.929 586.24> 463 90<100.26 258.491>
LayerCount: 2
Fore
Refer: 275 58035 S 0.87714 0 0 0.897059 378.565 -115.265 2
Refer: 27 66 N 1 0 0 1 4 0 2
EndChar
