StartChar: uni022D.pcap
Encoding: 57524 57524 1838
Width: 568
VWidth: 1159
Flags: HW
HStem: -5 37<240.993 370.228> 378 35<202.127 322.544> 615.224 49<156.896 415.896>
VStem: 56 78<146.969 286.001> 428 84<111.049 270.5>
LayerCount: 2
Fore
Refer: 100 771 N 0.996195 -0.0871557 0.0871557 0.996195 447.076 21.6804 2
Refer: 101 772 N 1 0 0 1 483.896 168.224 2
Refer: 657 57361 N 1 0 0 1 0 0 3
EndChar
