StartChar: uni1F0F
Encoding: 7951 7951 814
Width: 705
Flags: HW
HStem: -10 37<475.198 516.465 640.751 690.047> 245 42<237 427.657> 516.048 23.76<167.998 214.647> 650.832 79.92<142.62 188.725> 692 20<348 395.5> 726.337 23.1<39.574 77.245> 739.985 66<171.037 264.363> 781.057 65.3906<91.194 184.501>
VStem: 39.574 273.107 87.2065 47.52<558.127 635.887> 350 43<632.023 712>
DStem2: 96 80 154 87 0.391141 0.920331<-3.53261 211.909 245.659 524.174> 407 642 465 236 0.354654 -0.934998<388.302 400.179 571.058 597.203>
AnchorPoint: "Top" 367 699 basechar 0
AnchorPoint: "Bottom" 353 -15 basechar 0
LayerCount: 2
Fore
Refer: 916 8190 N 1.08 0 0 1.08 18.0865 -17.472 2
Refer: 97 771 N 1 0 0 1.1 399.5 287.527 2
Refer: 493 913 N 1 0 0 1 0 0 3
EndChar
