StartChar: uni1F18
Encoding: 7960 7960 787
Width: 784
Flags: HW
HStem: -9 35<190 235.583> 3.06988 37.3024<365.897 626.73> 333 36<339 607.393> 518.048 23.76<-2.80913 43.8395> 652.832 79.92<23.1125 68.0645> 656 31<182 242.489>
VStem: 76.0309 48.6<558.997 638.051> 256 93<372.534 637.287> 260.788 78.2122<90.4624 333 369 602.188> 631 36<247.75 305.348 393.846 441.094> 672 30<536 617.59> 732 28<152.034 171.75>
LayerCount: 2
Fore
Refer: 831 8127 N 1.08 0 0 1.08 -119.273 -15.472 2
Refer: 1268 917 N 1 0 0 1 165 0 2
EndChar
