StartChar: uni1EC1
Encoding: 7873 7873 865
Width: 409
VWidth: 0
Flags: HW
HStem: 425 168 465.319 133.361
VStem: 53 185 91.22 252.561
AnchorPoint: "Bottom" 205 -15 basechar 0
LayerCount: 2
Fore
Refer: 472 58082 S 0.735269 -0.0961128 0.300421 0.78383 115.09 199.981 2
Refer: 471 58081 S 1 0 0 1 415 15 2
Refer: 4 101 N 1 0 0 1 0 0 2
EndChar
