StartChar: uni1F0D
Encoding: 7949 7949 784
Width: 748
Flags: HW
HStem: -10 37<503.198 544.465 668.751 718.047> 245 42<265 455.657> 516.048 23.76<104.998 151.647> 650.832 79.92<79.6198 125.725> 692 20<376 423.5>
VStem: 24.2065 47.52<558.127 635.887> 378 43<632.023 712>
DStem2: 124 80 182 87 0.391141 0.920331<-3.53261 211.909 245.659 524.174> 435 642 493 236 0.354654 -0.934998<388.302 400.179 571.058 597.203>
AnchorPoint: "Bottom" 370 -15 basechar 0
AnchorPoint: "Top" 384 699 basechar 0
LayerCount: 2
Fore
Refer: 856 8189 N 1.08329 0.191013 -0.191013 1.08329 165.276 7.15895 2
Refer: 857 8190 N 1.01487 0.369382 -0.369382 1.01487 164.03 -40.8887 2
Refer: 1245 913 N 1 0 0 1 7 0 2
EndChar
