StartChar: uni1F0A
Encoding: 7946 7946 781
Width: 724
Flags: HW
HStem: -10 37<498.198 539.465 663.751 713.047> 245 42<260 450.657> 518.048 23.76<10.1909 56.8395> 652.832 79.92<36.1125 81.0645> 692 20<371 418.5>
VStem: 89.0309 48.6<558.997 638.051> 373 43<632.023 712>
DStem2: 119 80 177 87 0.391141 0.920331<-3.53261 211.909 245.659 524.174> 430 642 488 236 0.354654 -0.934998<388.302 400.179 571.058 597.203>
AnchorPoint: "Bottom" 375 -15 basechar 0
AnchorPoint: "Top" 389 699 basechar 0
LayerCount: 2
Fore
Refer: 851 8175 N 1.08329 -0.191013 0.191013 1.08329 -27.2958 112.955 2
Refer: 831 8127 N 1.08 0 0 1.08 -106.273 -15.472 2
Refer: 1245 913 N 1 0 0 1 22 0 2
EndChar
