StartChar: uni1F0D
Encoding: 7949 7949 784
Width: 724
Flags: HW
HStem: -10 37<492.198 533.465 657.751 707.047> 245 42<254 444.657> 516.048 23.76<93.9979 140.647> 650.832 79.92<68.6198 114.725> 692 20<365 412.5>
VStem: 13.2065 47.52<558.127 635.887> 367 43<632.023 712>
DStem2: 113 80 171 87 0.391141 0.920331<-3.53261 211.909 245.659 524.174> 424 642 482 236 0.354654 -0.934998<388.302 400.179 571.058 597.203>
AnchorPoint: "Bottom" 370 -15 basechar 0
AnchorPoint: "Top" 384 699 basechar 0
LayerCount: 2
Fore
Refer: 856 8189 N 1.08329 0.191013 -0.191013 1.08329 154.276 7.15895 2
Refer: 857 8190 N 1.01487 0.369382 -0.369382 1.01487 153.03 -40.8887 2
Refer: 1245 913 N 1 0 0 1 7 0 2
EndChar
