StartChar: uni1F0E
Encoding: 7950 7950 785
Width: 724
Flags: HW
HStem: -10 37<485.198 526.465 650.751 700.047> 245 42<247 437.657> 518.048 23.76<132.19 178.839> 652.832 79.92<158.112 203.064> 692 20<358 405.5> 728.337 23.1<72.574 110.245> 741.985 66<204.037 297.363> 783.057 65.3906<124.194 217.501>
VStem: 72.574 273.107 211.03 48.6<558.997 638.051> 360 43<632.023 712>
DStem2: 106 80 164 87 0.391141 0.920331<-3.53261 211.909 245.659 524.174> 417 642 475 236 0.354654 -0.934998<388.302 400.179 571.058 597.203>
AnchorPoint: "Top" 367 699 basechar 0
AnchorPoint: "Bottom" 353 -15 basechar 0
LayerCount: 2
Fore
Refer: 831 8127 N 1.08 0 0 1.08 15.7265 -15.472 2
Refer: 504 771 N 1 0 0 1.1 405.5 285.527 2
Refer: 1245 913 N 1 0 0 1 0 0 3
EndChar
