StartChar: uni1ED1
Encoding: 7889 7889 852
Width: 505
VWidth: 0
Flags: HW
HStem: -11 39<199.926 327.747> 374 45<168.903 305.133> 465.319 133.361
VStem: 32 76<130.211 291.037> 135.22 252.561 395 78<107.641 276.826>
AnchorPoint: "Bottom" 249 -15 basechar 0
LayerCount: 2
Fore
Refer: 470 58080 S 0.745874 0.0958213 -0.313113 0.780289 669.65 243.825 2
Refer: 14 111 N 1 0 0 1 0 0 2
Refer: 471 58081 N 1 0 0 1 459 15 2
EndChar
