StartChar: uni1FC1
Encoding: 8129 8129 926
Width: 278
VWidth: 1043
Flags: HW
HStem: 506 84<29.694 104.306 205.694 280.306>
VStem: 24 86<511.582 584.441> 200 86<511.582 584.441>
AnchorPoint: "Top" 142.637 465 mark 0
LayerCount: 2
Fore
Refer: 744 8128 S 0.997564 -0.0697565 0.0697565 0.997564 -25.2091 144.659 2
Refer: 627 168 N 1 0 0 1 0 63 2
EndChar
