StartChar: uni1F1B
Encoding: 7963 7963 790
Width: 885
Flags: HW
HStem: -9 35<291 336.583> 3.06988 37.3024<466.897 727.73> 333 36<440 708.393> 516.048 23.76<69.9979 116.647> 650.832 79.92<44.6198 90.7249> 656 31<283 343.489>
VStem: -10.7935 47.52<558.127 635.887> 357 93<372.534 637.287> 361.788 78.2122<90.4624 333 369 602.188> 732 36<247.75 305.348 393.846 441.094> 773 30<536 617.59> 833 28<152.034 171.75>
LayerCount: 2
Fore
Refer: 851 8175 N 1.08329 -0.191013 0.191013 1.08329 -38.2958 127.955 2
Refer: 857 8190 N 1.01487 0.369382 -0.369382 1.01487 149.03 -43.8887 2
Refer: 1268 917 N 1 0 0 1 266 0 2
EndChar
