StartChar: uni1F1C
Encoding: 7964 7964 1476
Width: 861
Flags: HW
HStem: -9 35<267 312.583> 3.06988 37.3024<442.897 703.73> 333 36<416 684.393> 518.048 23.76<-20.8091 25.8395> 652.832 79.92<5.11248 50.0645> 656 31<259 319.489>
VStem: 58.0309 48.6<558.997 638.051> 333 93<372.534 637.287> 337.788 78.2122<90.4624 333 369 602.188> 708 36<247.75 305.348 393.846 441.094> 749 30<536 617.59> 809 28<152.034 171.75>
LayerCount: 2
Fore
Refer: 1618 8189 S 1.03366 0.376222 -0.376222 1.03366 208.167 -1.43985 2
Refer: 1608 8127 S 1.08 0 0 1.08 -137.273 -15.472 2
Refer: 980 917 N 1 0 0 1 242 0 2
EndChar
