StartChar: uni1FDD
Encoding: 8157 8157 913
Width: 278
VWidth: 1043
Flags: HW
HStem: 494 22<63.8068 107> 618.8 74<40.3086 82.9985>
VStem: -11 44<532.962 604.962>
AnchorPoint: "Top" 143.501 464 mark 0
LayerCount: 2
Fore
Refer: 1101 8175 N 0.984808 -0.173648 0.173648 0.984808 7.39824 101.423 2
Refer: 916 8190 S 0.939693 0.34202 -0.34202 0.939693 139.926 -26.7825 2
EndChar
