StartChar: uni1F0F
Encoding: 7951 7951 786
Width: 724
Flags: HW
HStem: -10 37<485.198 526.465 650.751 700.047> 245 42<247 437.657> 516.048 23.76<177.998 224.647> 650.832 79.92<152.62 198.725> 692 20<358 405.5> 726.337 23.1<49.574 87.245> 739.985 66<181.037 274.363> 781.057 65.3906<101.194 194.501>
VStem: 49.574 273.107 97.2065 47.52<558.127 635.887> 360 43<632.023 712>
DStem2: 106 80 164 87 0.391141 0.920331<-3.53261 211.909 245.659 524.174> 417 642 475 236 0.354654 -0.934998<388.302 400.179 571.058 597.203>
AnchorPoint: "Top" 367 699 basechar 0
AnchorPoint: "Bottom" 353 -15 basechar 0
LayerCount: 2
Fore
Refer: 857 8190 N 1.08 0 0 1.08 28.0865 -17.472 2
Refer: 504 771 N 1 0 0 1.1 409.5 287.527 2
Refer: 1245 913 N 1 0 0 1 0 0 3
EndChar
