StartChar: uni1F1A
Encoding: 7962 7962 817
Width: 892
Flags: HW
HStem: -9 35<298 343.583> 3.06988 37.3024<473.897 734.73> 333 36<447 715.393> 518.048 23.76<4.19087 50.8395> 652.832 79.92<30.1125 75.0645> 656 31<290 350.489>
VStem: 83.0309 48.6<558.997 638.051> 364 93<372.534 637.287> 368.788 78.2122<90.4624 333 369 602.188> 739 36<247.75 305.348 393.846 441.094> 780 30<536 617.59> 840 28<152.034 171.75>
LayerCount: 2
Fore
Refer: 1101 8175 N 1.08329 -0.191013 0.191013 1.08329 -41.2958 112.955 2
Refer: 911 8127 N 1.08 0 0 1.08 -112.273 -15.472 2
Refer: 497 917 N 1 0 0 1 273 0 2
EndChar
