StartChar: uni1F0E
Encoding: 7950 7950 785
Width: 748
Flags: HW
HStem: -10 37<496.198 537.465 661.751 711.047> 245 42<258 448.657> 518.048 23.76<143.19 189.839> 652.832 79.92<169.112 214.064> 692 20<369 416.5> 728.337 23.1<83.574 121.245> 741.985 66<215.037 308.363> 783.057 65.3906<135.194 228.501>
VStem: 83.574 273.107 222.03 48.6<558.997 638.051> 371 43<632.023 712>
DStem2: 117 80 175 87 0.391141 0.920331<-3.53261 211.909 245.659 524.174> 428 642 486 236 0.354654 -0.934998<388.302 400.179 571.058 597.203>
AnchorPoint: "Top" 367 699 basechar 0
AnchorPoint: "Bottom" 353 -15 basechar 0
LayerCount: 2
Fore
Refer: 831 8127 N 1.08 0 0 1.08 26.7265 -15.472 2
Refer: 504 771 N 1 0 0 1.1 416.5 285.527 2
Refer: 1245 913 N 1 0 0 1 0 0 3
EndChar
