StartChar: uni1F0C
Encoding: 7948 7948 783
Width: 724
Flags: HW
HStem: -10 37<485.198 526.465 650.751 700.047> 245 42<247 437.657> 518.048 23.76<13.1909 59.8395> 652.832 79.92<39.1125 84.0645> 692 20<358 405.5>
VStem: 92.0309 48.6<558.997 638.051> 360 43<632.023 712>
DStem2: 106 80 164 87 0.391141 0.920331<-3.53261 211.909 245.659 524.174> 417 642 475 236 0.354654 -0.934998<388.302 400.179 571.058 597.203>
AnchorPoint: "Top" 367 699 basechar 0
AnchorPoint: "Bottom" 353 -15 basechar 0
LayerCount: 2
Fore
Refer: 856 8189 N 1.08329 0.191013 -0.191013 1.08329 132.276 -26.841 2
Refer: 831 8127 N 1.08 0 0 1.08 -103.273 -15.472 2
Refer: 1245 913 N 1 0 0 1 0 0 3
EndChar
