StartChar: uni205C
Encoding: 8284 8284 900
Width: 596
Flags: HW
HStem: 37.8867 140<418.693 461.551> 38.5938 140<135.143 178.001> 322.144 140<418.693 461.551> 323.558 140<133.022 175.88>
VStem: 85.3439 141<369.867 414.495> 87.4654 141<84.9025 129.53> 371.015 141<84.1954 128.823 368.453 413.081>
LayerCount: 2
Fore
Refer: 487 58113 N -0.574999 0 0 -1 585.5 248.172 2
Refer: 487 58113 N 0 0.574999 -1 0 298 -39.3286 2
Refer: 405 46 N 1 0 0 1 371.015 28.8867 2
Refer: 405 46 N 1 0 0 1 371.015 373.144 2
Refer: 405 46 N 1 0 0 1 26.4654 29.5938 2
Refer: 405 46 N 1 0 0 1 24.3439 374.558 2
EndChar
