StartChar: uni2505
Encoding: 9477 9477 1357
Width: 926
Flags: HW
LayerCount: 2
Fore
Refer: 1353 9473 N 0.167387 0 0 1 694 0 2
Refer: 1353 9473 N 0.167387 0 0 1 386 0 2
Refer: 1353 9473 N 0.167387 0 0 1 77 0 2
EndChar
