StartChar: uni26A6
Encoding: 9894 9894 1006
Width: 713
UnlinkRmOvrlpSave: 1
Flags: HW
LayerCount: 2
Fore
Refer: 340 58114 N -0.147841 0.17619 -0.666126 -0.558946 556.921 324.905 2
Refer: 340 58114 N 0.158571 0.133058 -0.558946 0.666126 390.715 335.471 2
Refer: 1010 9898 N 1 0 0 1 -0.480469 1 2
Refer: 955 8963 N 0.615148 -0.733105 0.733105 0.615148 84.8538 281.244 2
EndChar
