StartChar: uni26A7
Encoding: 9895 9895 888
Width: 924
VWidth: 950
UnlinkRmOvrlpSave: 1
Flags: HW
LayerCount: 2
Fore
Refer: 1035 58114 N -0.147841 -0.17619 0.666126 -0.558946 301.921 489.095 2
Refer: 1035 58114 N -0.158571 0.133058 -0.558946 -0.666126 310.285 330.471 2
Refer: 879 8963 N 0.615149 0.733105 -0.733105 0.615149 423.672 31.8395 2
Refer: 885 9893 N 1 0 0 1 209 0 2
EndChar
