StartChar: uni26A6
Encoding: 9894 9894 880
Width: 713
VWidth: 950
UnlinkRmOvrlpSave: 1
Flags: HW
LayerCount: 2
Back
Refer: 1026 58114 N -0.147841 0.17619 -0.666126 -0.558946 540.921 295.905 2
Refer: 1026 58114 N 0.17619 0.147841 -0.558946 0.666126 406.905 333.079 2
Refer: 868 9898 N 1 0 0 1 -0.480469 -85 2
Refer: 872 8963 N 0.559225 -0.666459 0.666459 0.559225 121.738 280.883 2
Fore
Refer: 1026 58114 N -0.147841 0.17619 -0.666126 -0.558946 556.921 324.905 2
Refer: 1026 58114 S 0.158571 0.133058 -0.558946 0.666126 390.715 335.471 2
Refer: 868 9898 N 1 0 0 1 -0.480469 1 2
Refer: 872 8963 N 0.615148 -0.733105 0.733105 0.615148 84.8538 281.244 2
EndChar
