StartChar: uni2509
Encoding: 9481 9481 1361
Width: 926
VWidth: 0
Flags: HW
LayerCount: 2
Fore
Refer: 1353 9473 N 0.12527 0 0 1 752 0 2
Refer: 1353 9473 N 0.12527 0 0 1 521 0 2
Refer: 1353 9473 N 0.12527 0 0 1 289 0 2
Refer: 1353 9473 N 0.12527 0 0 1 58 0 2
EndChar
