StartChar: uni2189.alt
Encoding: 58448 58448 965
Width: 644
VWidth: 0
UnlinkRmOvrlpSave: 1
Flags: HW
HStem: -99 21<415 451.883> 71 20<438 466.464> 220 41<448.206 537.194> 260 28<154.77 236.217> 577 29<129.227 215.365>
VStem: 30 65<348.838 520.204> 267 69<340.181 525.995> 547 59<142.744 209.813> 558 65<-16.0378 59.2427>
LayerCount: 2
Fore
Refer: 1033 58112 S 0.197336 0.235176 -0.829881 0.696353 83.8321 316.412 2
Refer: 788 8585 N 1 0 0 1 0 0 2
EndChar
