StartChar: uni26A8
Encoding: 9896 9896 1008
Width: 499
Flags: HW
LayerCount: 2
Fore
Refer: 340 58114 N -0.23 -2.75645e-08 -6.19865e-08 -0.869566 366.024 513.711 2
Refer: 340 58114 N -2.75645e-08 0.173056 -0.869566 4.664e-08 251.405 433.944 2
Refer: 1010 9898 N 1 0 0 1 -0.480469 1 2
Refer: 955 8963 N 0.957 -3.86687e-07 4.22247e-07 0.876406 93.7745 166.112 2
EndChar
