StartChar: uni26A8
Encoding: 9896 9896 1084
Width: 499
VWidth: 950
Flags: HW
LayerCount: 2
Fore
Refer: 1026 58114 N -0.23 -2.75645e-008 -6.19865e-008 -0.869566 366.024 513.711 2
Refer: 1026 58114 S -2.75645e-008 0.173056 -0.869566 4.664e-008 251.405 433.944 2
Refer: 868 9898 N 1 0 0 1 -0.480469 1 2
Refer: 872 8963 N 0.957 -3.86687e-007 4.22247e-007 0.876406 93.7745 166.112 2
EndChar
