StartChar: uni26A9
Encoding: 9897 9897 1273
Width: 827
VWidth: 950
Flags: HW
LayerCount: 2
Fore
Refer: 1026 58114 N -2.75645e-008 0.23 -0.869566 6.19865e-008 542.333 119.756 2
Refer: 1026 58114 S 0.178434 2.75645e-008 4.80894e-008 0.869566 463.566 234.377 2
Refer: 868 9898 N 1 0 0 1 -0.480469 1 2
Refer: 872 8963 N -3.60999e-007 -0.87 0.818184 -3.83861e-007 229.09 377.694 2
EndChar
