StartChar: uni26A9
Encoding: 9897 9897 1009
Width: 827
Flags: HW
LayerCount: 2
Fore
Refer: 340 58114 N -2.75645e-08 0.23 -0.869566 6.19865e-08 542.333 119.756 2
Refer: 340 58114 N 0.178434 2.75645e-08 4.80894e-08 0.869566 463.566 234.377 2
Refer: 1010 9898 N 1 0 0 1 -0.480469 1 2
Refer: 955 8963 N -3.60999e-07 -0.87 0.818184 -3.83861e-07 229.09 377.694 2
EndChar
