StartChar: uni2070.alt
Encoding: 58424 58424 960
Width: 344
VWidth: 1159
UnlinkRmOvrlpSave: 1
Flags: HW
HStem: 433.81 26.0342<140.856 220.939> 681.84 27.3115<118.099 202.645>
VStem: 26.54 63.6611<502.006 641.206> 246.659 67.3408<496.536 645.163>
LayerCount: 2
Fore
Refer: 1033 58112 S 0.177136 0.203772 -0.75471 0.656059 81.432 469.114 2
Refer: 742 8304 N 1 0 0 1 0 0 2
EndChar
