StartChar: uni2506
Encoding: 9478 9478 1358
Width: 926
VWidth: 0
Flags: HW
LayerCount: 2
Fore
Refer: 1354 9474 N 1 0 0 0.166666 0 655 2
Refer: 1354 9474 N 1 0 0 0.166666 0 235 2
Refer: 1354 9474 N 1 0 0 0.166666 0 -185 2
EndChar
