StartChar: uni250B
Encoding: 9483 9483 1363
Width: 926
Flags: HW
LayerCount: 2
Fore
Refer: 1355 9475 N 1 0 0 0.124603 0 719.362 2
Refer: 1355 9475 N 1 0 0 0.124603 0 404.362 2
Refer: 1355 9475 N 1 0 0 0.124603 0 89.3619 2
Refer: 1355 9475 N 1 0 0 0.124603 0 -225.638 2
EndChar
