StartChar: uni266F
Encoding: 9839 9839 798
Width: 277
VWidth: 0
UnlinkRmOvrlpSave: 1
Flags: HW
LayerCount: 2
Fore
Refer: 1027 58115 N 0.207 0.0632863 0 1.54545 37 229.357 2
Refer: 1027 58115 N 0.207 0.0632863 0 1.54545 37 474.357 2
Refer: 1025 58113 S 0 -0.754 0.9375 0 87 746 2
Refer: 1025 58113 N 0 -0.754 0.9375 0 196 768 2
EndChar
