StartChar: uniE2FB
Encoding: 58107 58107 1325
Width: 472
VWidth: 1159
Flags: HW
HStem: -7 25<34 58.0979 295 312.5> 138 30<175 275.575> 395 20<232.5 267> 480.274 54.719<172.997 312.259>
VStem: 110.322 28.08<576.771 593.079> 234 31<355.154 415> 347.598 28.081<579.635 593.079>
AnchorPoint: "Top" 253 465 mark 0
LayerCount: 2
Fore
Refer: 291 58080 N 0.745874 0.0958213 -0.313113 0.780289 579.65 235.825 2
Refer: 102 774 N 1 0 0 1 450.5 19 2
EndChar
