StartChar: uniE2C5
Encoding: 58053 58053 1343
Width: 705
VWidth: 1159
Flags: HW
HStem: -10 37<475.198 516.465 640.751 690.047> 245 42<237 427.657> 692 20<348 395.5>
VStem: 350 43<632.023 712>
DStem2: 96 80 154 87 0.391141 0.920331<-3.53261 211.909 245.659 524.174> 407 642 465 236 0.354654 -0.934998<388.302 400.179 571.058 597.203>
AnchorPoint: "Top" 371 699 mark 0
LayerCount: 2
Fore
Refer: 111 58020 N 1 0 0 1 230 -26 2
Refer: 89 58018 N 0.722277 -0.0866812 -0.0866812 0.857723 495.585 162.269 2
EndChar
