StartChar: uniE47F
Encoding: 58495 58495 1134
Width: 724
Flags: HW
HStem: -295 44.4951<347.881 418.245> -10 37<485.198 526.465 650.751 700.047> 245 42<247 437.657> 518.048 23.76<13.1909 59.8395> 652.832 79.92<39.1125 84.0645> 692 20<358 405.5>
VStem: 92.0309 48.6<558.997 638.051> 306.95 65.9873<-249.952 -89.5438> 320.954 71.1582<-220.355 -87.5068> 360 43<632.023 712>
DStem2: 106 80 164 87 0.391141 0.920331<-3.53261 211.909 245.659 524.174> 417 642 475 236 0.354654 -0.934998<388.302 400.179 571.058 597.203>
LayerCount: 2
Fore
Refer: 830 8126 N 1 0 0 1 718 -1 2
Refer: 783 7948 N 1 0 0 1 0 0 2
EndChar
