StartChar: uniE482
Encoding: 58498 58498 1137
Width: 724
Flags: HW
HStem: -295 44.4951<347.881 418.245> -10 37<485.198 526.465 650.751 700.047> 245 42<247 437.657> 516.048 23.76<177.998 224.647> 650.832 79.92<152.62 198.725> 692 20<358 405.5> 726.337 23.1<49.574 87.245> 739.985 66<181.037 274.363> 781.057 65.3906<101.194 194.501>
VStem: 49.574 273.107 97.2065 47.52<558.127 635.887> 306.95 65.9873<-249.952 -89.5438> 320.954 71.1582<-220.355 -87.5068> 360 43<632.023 712>
DStem2: 106 80 164 87 0.391141 0.920331<-3.53261 211.909 245.659 524.174> 417 642 475 236 0.354654 -0.934998<388.302 400.179 571.058 597.203>
LayerCount: 2
Fore
Refer: 830 8126 N 1 0 0 1 718 -1 2
Refer: 786 7951 N 1 0 0 1 0 0 2
EndChar
