StartChar: uniE47D
Encoding: 58493 58493 1132
Width: 724
Flags: HW
HStem: -295 44.4951<338.881 409.245> -10 37<498.198 539.465 663.751 713.047> 245 42<260 450.657> 518.048 23.76<10.1909 56.8395> 652.832 79.92<36.1125 81.0645> 692 20<371 418.5>
VStem: 89.0309 48.6<558.997 638.051> 297.95 65.9873<-249.952 -89.5438> 311.954 71.1582<-220.355 -87.5068> 373 43<632.023 712>
DStem2: 119 80 177 87 0.391141 0.920331<-3.53261 211.909 245.659 524.174> 430 642 488 236 0.354654 -0.934998<388.302 400.179 571.058 597.203>
LayerCount: 2
Fore
Refer: 830 8126 N 1 0 0 1 731 -1 2
Refer: 781 7946 N 1 0 0 1 0 0 2
EndChar
