StartChar: uniE2C3
Encoding: 58051 58051 2663
Width: 575
VWidth: 1159
Flags: HW
HStem: -10 43<195.79 384.696> 672 38<219.404 383.163> 681 20<474 513> 805.682 108<263.642 353.358>
VStem: 30 34<149.828 195.235> 58 32<0 20.4257> 68 82<457.95 594.46> 253.5 110<815.675 903.728> 449 80<96.0494 230.479> 482 33<527.268 575.693 682.701 692>
AnchorPoint: "Top" 308 699 mark 0
LayerCount: 2
Fore
Refer: 167 58028 N 1 0 0 0.944961 168 -20.1688 2
Refer: 164 58025 N 1 0 0 0.933811 230.5 128.669 2
EndChar
