StartChar: uniE47D
Encoding: 58493 58493 1132
Width: 748
Flags: HW
HStem: -295 44.4951<349.881 420.245> -10 37<509.198 550.465 674.751 724.047> 245 42<271 461.657> 518.048 23.76<21.1909 67.8395> 652.832 79.92<47.1125 92.0645> 692 20<382 429.5>
VStem: 100.031 48.6<558.997 638.051> 308.95 65.9873<-249.952 -89.5438> 322.954 71.1582<-220.355 -87.5068> 384 43<632.023 712>
DStem2: 130 80 188 87 0.391141 0.920331<-3.53261 211.909 245.659 524.174> 441 642 499 236 0.354654 -0.934998<388.302 400.179 571.058 597.203>
LayerCount: 2
Fore
Refer: 830 8126 N 1 0 0 1 742 -1 2
Refer: 781 7946 N 1 0 0 1 0 0 2
EndChar
