StartChar: uniE480
Encoding: 58496 58496 1135
Width: 724
Flags: HW
HStem: -295 44.4951<347.881 418.245> -10 37<492.198 533.465 657.751 707.047> 245 42<254 444.657> 516.048 23.76<93.9979 140.647> 650.832 79.92<68.6198 114.725> 692 20<365 412.5>
VStem: 13.2065 47.52<558.127 635.887> 306.95 65.9873<-249.952 -89.5438> 320.954 71.1582<-220.355 -87.5068> 367 43<632.023 712>
DStem2: 113 80 171 87 0.391141 0.920331<-3.53261 211.909 245.659 524.174> 424 642 482 236 0.354654 -0.934998<388.302 400.179 571.058 597.203>
LayerCount: 2
Fore
Refer: 830 8126 N 1 0 0 1 725 -1 2
Refer: 784 7949 N 1 0 0 1 0 0 2
EndChar
