StartChar: uniFB00
Encoding: 64256 64256 1158
Width: 650
Flags: HW
LayerCount: 2
Back
SplineSet
691 755 m 0
 711.702148438 755 748.342773438 747.599609375 782 718 c 1
 780 678 759 667.16796875 683 615 c 1
 657.4375 630.099609375 635.526367188 669 591 669 c 0
 524.014648438 669 519.265217919 612.753349294 515.139648438 539 c 0
 512.620117188 493.958007812 513.564453125 446.0625 511 393 c 1
 563.758789062 397 597.241210938 397 650 401 c 1
 650 333 l 1
 596.905273438 337 562.094726562 339 509 343 c 1
 509 317.477539062 509 294.75390625 509 286 c 0
 509 208.803710938 512.575123566 105.814442839 519 61 c 0
 521.868164062 40.994140625 533.069482075 31.0669126145 554 29 c 0
 574.252929688 27 578.571289062 27 599 27 c 1
 597 -7 l 1
 544.5 -2 483.5 0 431 0 c 0
 398.453125 0 354.546875 -3 322 -7 c 1
 321 26 l 1
 330.166992188 26 340.244164159 27.4187852214 351 29 c 0
 380.965820312 33.4052734375 379.537711538 50.5600396095 383 89 c 0
 387.345703125 137.248046875 389 199.26953125 389 259 c 0
 389 276.745117188 389 309.936523438 389 343 c 1
 368.779411765 343 354.220588235 343 334 343 c 0
 284.294298537 343 251.705701463 343 202 343 c 1
 202 317.477539062 202 294.75390625 202 286 c 0
 202 208.803710938 205.575123566 105.814442839 212 61 c 0
 214.868164062 40.994140625 226.069482075 31.0669126145 247 29 c 0
 264.552539063 27 268.295117187 27 286 27 c 1
 284 -7 l 1
 233.397590361 -2 174.602409639 0 124 0 c 0
 91.453125 0 47.546875 -3 15 -7 c 1
 14 26 l 1
 23.1669921875 26 33.2441641588 27.4187852214 44 29 c 0
 73.9658203125 33.4052734375 72.5377115383 50.5600396095 76 89 c 0
 80.345703125 137.248046875 82 199.26953125 82 259 c 0
 82 276.745117188 82 309.936523438 82 343 c 1
 57 341 39 335 14 333 c 1
 14 401 l 1
 39 399 57 395 82 393 c 1
 82 421.114346591 82 442.349431818 82 451 c 0
 82 556.952148438 154.36210258 628.416387172 240 675 c 0
 293.470703125 704.0859375 321.06640625 725 384 725 c 0
 411.431479714 725 456.671150086 714.760853426 501.892090549 677.017201255 c 1
 516.249915116 687.208586273 531.404827728 696.516846058 547 705 c 0
 600.470703125 734.0859375 628.06640625 755 691 755 c 0
406.669677277 566.685349047 m 1
 374.468050856 595.925865998 341.124853716 639 284 639 c 0
 217.014648438 639 213.327451543 582.686250784 208.139648438 509 c 0
 205.620117188 473.213211687 206.564453125 435.159246575 204 393 c 1
 253.342752361 393 284.657247639 393 334 393 c 0
 354.220588235 393 368.779411765 393 389 393 c 1
 389 435.65625 389 467.875 389 481 c 0
 389 512.531929979 395.409036565 541.009301474 406.669677277 566.685349047 c 1
EndSplineSet
Fore
SplineSet
501.892090549 677.017201255 m 1
 516.249915116 687.208586273 531.404827728 696.516846058 547 705 c 0
 600.470703125 734.0859375 628.06640625 755 691 755 c 0
 711.702148438 755 748.342773438 747.599609375 782 718 c 1
 780 678 759 667.16796875 683 615 c 1
 657.4375 630.099609375 635.526367188 669 591 669 c 0
 524.014648438 669 519.265217919 612.753349294 515.139648438 539 c 0
 512.620117188 493.958007812 513.564453125 446.0625 511 393 c 1
 563.758789062 397 597.241210938 397 650 401 c 1
 650 333 l 1
 596.905273438 337 562.094726562 339 509 343 c 1
 509 317.477539062 509 294.75390625 509 286 c 0
 509 208.803710938 512.575123566 105.814442839 519 61 c 0
 521.868164062 40.994140625 533.069482075 31.0669126145 554 29 c 0
 574.252929688 27 578.571289062 27 599 27 c 1
 597 -7 l 1
 544.5 -2 483.5 0 431 0 c 0
 398.453125 0 354.546875 -3 322 -7 c 1
 321 26 l 1
 330.166992188 26 340.244164159 27.4187852214 351 29 c 0
 380.965820312 33.4052734375 379.537711538 50.5600396095 383 89 c 0
 387.345703125 137.248046875 389 199.26953125 389 259 c 0
 389 276.745117188 389 309.936523438 389 343 c 1
 368.779411765 343 354.220588235 343 334 343 c 0
 284.294298537 343 251.705701463 343 202 343 c 1
 202 317.477539062 202 294.75390625 202 286 c 0
 202 208.803710938 205.575123566 105.814442839 212 61 c 0
 214.868164062 40.994140625 226.069482075 31.0669126145 247 29 c 0
 264.552539063 27 268.295117187 27 286 27 c 1
 284 -7 l 1
 233.397590361 -2 174.602409639 0 124 0 c 0
 91.453125 0 47.546875 -3 15 -7 c 1
 14 26 l 1
 23.1669921875 26 33.2441641588 27.4187852214 44 29 c 0
 73.9658203125 33.4052734375 72.5377115383 50.5600396095 76 89 c 0
 80.345703125 137.248046875 82 199.26953125 82 259 c 0
 82 276.745117188 82 309.936523438 82 343 c 1
 57 341 39 335 14 333 c 1
 14 401 l 1
 39 399 57 395 82 393 c 1
 82 421.114346591 82 442.349431818 82 451 c 0
 82 556.952148438 154.36210258 628.416387172 240 675 c 0
 293.470703125 704.0859375 321.06640625 725 384 725 c 0
 411.431479714 725 456.671150086 714.760853426 501.892090549 677.017201255 c 1
389 393 m 1
 389 435.65625 389 467.875 389 481 c 0
 389 512.531929979 395.409036565 541.009301474 406.669677277 566.685349047 c 1
 374.468050856 595.925865998 341.124853716 639 284 639 c 0
 217.014648438 639 213.327451543 582.686250784 208.139648438 509 c 0
 205.620117188 473.213211687 206.564453125 435.159246575 204 393 c 1
 253.342752361 393 284.657247639 393 334 393 c 0
 354.220588235 393 368.779411765 393 389 393 c 1
EndSplineSet
Substitution2: "salt-1" uniFB00.alt
LCarets2: 1 318
Ligature2: "liga-1" f f
EndChar
