StartChar: ygrave
Encoding: 7923 7923 728
Width: 446
VWidth: 0
Flags: HW
HStem: 365 30<9 37 170 185 277 339 410 444> 486.175 225.516
VStem: 93.514 169.82
DStem2: 176 -32 383 308 0.447214 0.894427<-152.969 14.7689>
LayerCount: 2
Fore
Refer: 94 768 N 1 0 0 1 431 56 2
Refer: 24 121 N 1 0 0 1 0 0 3
EndChar
