StartChar: zero.tabularliningalt
Encoding: 58423 58423 959
Width: 463
VWidth: 1159
UnlinkRmOvrlpSave: 1
Flags: HW
HStem: -10 33<200.172 292.266> 620 36<165.683 267.028>
VStem: 35 73<175.959 491.558> 348 79<157.951 499.232>
LayerCount: 2
Fore
Refer: 1034 58113 N 0.263595 0.349802 -0.748721 0.564202 99.2025 152.099 2
Refer: 356 58378 N 1 0 0 1 0 0 2
EndChar
