StartChar: zero.tabulartextalt
Encoding: 58422 58422 950
Width: 463
VWidth: 1159
UnlinkRmOvrlpSave: 1
Flags: HW
HStem: 1 33<183.15 299.348> 358 36<160.377 282.898>
VStem: 35 73<109.281 280.474> 348 79<105.768 284.433>
LayerCount: 2
Fore
Refer: 1025 58113 N 0.225171 0.273154 -0.723398 0.596323 120.415 58.4231 2
Refer: 342 58368 N 1 0 0 1 0 0 2
EndChar
