StartChar: Aringacute
Encoding: 506 506 708
Width: 733
UnlinkRmOvrlpSave: 1
Flags: HW
HStem: 627.828 60.8701<339.39 422.656> 790.892 60.8691<340.344 423.61>
VStem: 267.339 62.0625<697.853 780.769> 433.599 62.0625<698.82 780.562>
LayerCount: 2
Fore
Refer: 470 58080 N 0.819097 0.119231 -0.179984 0.982184 769.737 187.843 2
Refer: 173 197 N 1 0 0 1 0 0 3
Position2: "cpsp-1" dx=0 dy=0 dh=50 dv=100
EndChar
