StartChar: afii57716
Encoding: 1520 1520 2419
Width: 528
Flags: HW
VStem: 140.36 30.1592<-8.13976 2.91153> 442.36 30.1592<-8.13976 2.91153>
LayerCount: 2
Fore
Refer: 2397 1493 N 1 0 0 1 264 0 2
Refer: 2397 1493 N 1 0 0 1 0 0 2
EndChar
