StartChar: afii57716
Encoding: 1520 1520 2419
Width: 528
UnlinkRmOvrlpSave: 1
Flags: HW
HStem: -16.1914 21G<130.607 192.528 394.607 456.528>
VStem: 130.607 54.9092<-5.36163 27.1698> 394.607 54.9092<-5.36163 27.1698>
LayerCount: 2
Fore
Refer: 2397 1493 N 1 0 0 1 264 0 2
Refer: 2397 1493 N 1 0 0 1 0 0 2
EndChar
