StartChar: aringacute
Encoding: 507 507 709
Width: 477
Flags: HW
HStem: 534 53.6064<213.315 296.529> 687.864 51.6064<213.875 297.076>
VStem: 151.28 53.2266<596.785 678.198> 306.493 50.2266<597.75 678.026>
LayerCount: 2
Fore
Refer: 470 58080 N 0.745874 0.0958213 -0.313113 0.780289 669.65 252.825 2
Refer: 98 778 N 1 0 0 1 431.5 -28 2
Refer: 0 97 N 1 0 0 1 0 0 3
EndChar
