StartChar: aringacute.pcap
Encoding: 57501 57501 1813
Width: 549
VWidth: 1159
UnlinkRmOvrlpSave: 1
Flags: HW
HStem: -8 67<33.2113 75.9979 483.002 522> 124 66<203 336> 456 53.6064<244.961 328.175> 489 20G<246.5 325> 609.864 51.6064<245.521 328.722>
VStem: 182.926 53.2266<518.785 600.198> 338.139 50.2266<519.75 600.026>
LayerCount: 2
Fore
Refer: 470 58080 N 0.745874 0.0958213 -0.313113 0.780289 654.296 251.825 2
Refer: 98 778 N 1 0 0 1 463.146 -106 2
Refer: 643 57347 N 1 0 0 1 0 0 3
EndChar
