StartChar: clickalveolar.pcap
Encoding: 57472 57472 1740
Width: 378
UnlinkRmOvrlpSave: 1
Flags: HW
HStem: 106.391 89.2172<60 318> 292.391 89.2172<60 318>
LayerCount: 2
Fore
Refer: 1964 58114 N 0.258 0 0 1.17391 60 347 2
Refer: 1964 58114 N 0.258 0 0 1.17391 60 161 2
Refer: 1737 57470 N 1 0 0 1 90 0 2
EndChar
