StartChar: clickalveolar.pcap
Encoding: 57472 57472 1738
Width: 378
UnlinkRmOvrlpSave: 1
Flags: W
HStem: 116.391 89.2172<60 318> 302.391 89.2172<60 318>
LayerCount: 2
Fore
Refer: 1962 58114 N 0.258 0 0 1.17391 60 347 2
Refer: 1962 58114 N 0.258 0 0 1.17391 60 161 2
Refer: 1735 57470 N 1 0 0 1 90 0 2
EndChar
