StartChar: gravecombhigh
Encoding: 58082 58082 472
Width: 0
VWidth: 1159
Flags: W
LayerCount: 2
Fore
Refer: 94 768 S 0.969392 0.0626052 0.0294454 0.930319 -74.505 56.471 2
Validated: 1
EndChar
