StartChar: ldot.smcp
Encoding: 57758 57758 2120
Width: 624
Flags: HW
HStem: -13.8627 21G<512.095 532.789> -4.47309 74.6567<62.0581 108.259> 3.00066 70.633<219.138 459.311> 172.443 118.316<529.114 582.791> 501.252 71.2352<214.811 283.26>
VStem: 109.293 105.055<73.5735 494.152> 484.304 70.7327<90.2739 147.591> 498.68 115.64<202.071 258.419>
LayerCount: 2
Fore
Refer: 461 183 N 1 0 0 1 459 0 2
Refer: 2043 57682 N 1 0 0 1 0 0 2
EndChar
