StartChar: lslash.pcap
Encoding: 57435 57435 1690
Width: 527
VWidth: 1159
UnlinkRmOvrlpSave: 1
Flags: W
HStem: -7 74<59 97.9832> 0 69<202.433 406.128> 437 71<203.384 260.493>
VStem: 98 104<68.769 431.064> 430 73<73.8172 135>
LayerCount: 2
Fore
Refer: 321 823 S 0.725395 -0.500159 -0.0428092 0.88605 377.762 -74.9767 2
Refer: 654 57358 N 1 0 0 1 0 0 3
EndChar
