StartChar: lslash.smcp
Encoding: 57759 57759 2121
Width: 582
VWidth: 1159
Flags: W
HStem: -14 21G<512 533> -6 74<62 108.937> 1 71<214.266 459.39> 502 71<215.119 283.493>
VStem: 109 105<71.8608 495.125> 484 71<86.875 148>
LayerCount: 2
Fore
Refer: 2043 57682 N 1 0 0 1 0 0 3
Refer: 321 823 N 0.709271 -0.575775 -0.121585 0.904865 378.942 -88.722 2
Validated: 5
EndChar
