StartChar: male
Encoding: 9794 9794 1527
Width: 712
UnlinkRmOvrlpSave: 1
Flags: HW
HStem: -11.2969 67.7646<216.324 362.524> 440.996 63.3008<199.017 341.477>
VStem: 24.5127 97.5889<161.909 354.364> 438.053 96.4736<145.423 337.843>
LayerCount: 2
Fore
Refer: 1962 58114 N 0.17619 0.147841 -0.558946 0.666126 429.905 389.079 2
Refer: 1528 8963 N 0.559225 -0.666459 0.666459 0.559225 144.738 336.883 2
Refer: 1524 9898 N 1 0 0 1 -0.480469 -6 2
EndChar
