StartChar: ntilde.smcp
Encoding: 57714 57714 2070
Width: 722
Flags: HW
HStem: -6.88277 84.9004<74.5567 119.998> 498.7 76.3089<490.262 560.382 647.246 690.43> 738 63.4082<401.963 466.876> 788.746 63.2539<309.68 377.805>
VStem: 125.061 79.3651<78.8518 390.416> 240.584 294.106 565.365 71.2891<194.492 318.327> 568.438 78.1696<5.81031 35.8775 243.875 488.095>
LayerCount: 2
Fore
Refer: 100 771 N 1 0 0 1 551 43 2
Refer: 2038 57684 N 1 0 0 1 0 0 3
EndChar
