StartChar: onetenth.afrcalt
Encoding: 58449 58449 1729
Width: 533
UnlinkRmOvrlpSave: 1
Flags: W
HStem: -1.19043 58.0342<54.9336 85.0959 335.165 420.999> 215.84 58.3115<61.5518 88.8697 321.326 408.551> 314.875 54.25<32 501> 416 21G<186.316 199.844 341.906 355.237> 639.6 56.3701<311.169 351.347>
VStem: 94.8877 65.4014<62.7293 207.134> 192.814 159.775<419.212 462.123 637.57 687.434> 238.54 69.6611<84.652 203.506> 238.888 65.4014<480.729 625.134> 433.659 66.3408<68.3617 190.008>
LayerCount: 2
Fore
Refer: 1960 58112 N 0.158766 0.18264 -0.75471 0.656059 292.617 43.6801 2
Refer: 1417 58445 N 1 0 0 1 0 0 2
EndChar
