StartChar: percent
Encoding: 37 37 933
Width: 689
Flags: HW
HStem: -80.1904 58.0342<474.981 574.622> 136.84 58.3115<459.774 559.266> 198.81 58.0342<129.981 229.622> 415.84 58.3115<114.774 214.266>
VStem: 26.54 73.6611<287.905 400.642> 243.659 70.3408<271.272 386.813> 371.54 73.6611<8.90459 121.642> 588.659 70.3408<-7.72759 107.813>
LayerCount: 2
Fore
Refer: 911 8260 N 1 0 0 1 117 -51 2
Refer: 1397 8320 N 1 0 0 1 345 0 2
Refer: 1397 8320 N 1 0 0 1 0 279 2
Position2: "'lnum-2' vertical adjustment" dx=0 dy=80 dh=0 dv=0
EndChar
