StartChar: perthousand
Encoding: 8240 8240 1286
Width: 1015
VWidth: 1159
Flags: HW
HStem: -80.1904 58.0342<474.981 574.622 800.981 900.622> 136.84 58.3115<459.774 559.266 785.774 885.266> 198.81 58.0342<129.981 229.622> 415.84 58.3115<114.774 214.266>
VStem: 26.54 73.6611<287.905 400.642> 243.659 70.3408<271.272 386.813> 371.54 73.6611<8.90459 121.642> 588.659 70.3408<-7.72759 107.813> 697.54 73.6611<8.90459 121.642> 914.659 70.3408<-7.72759 107.813>
LayerCount: 2
Fore
Refer: 1397 8320 S 1 0 0 1 671 0 2
Refer: 933 37 N 1 0 0 1 0 0 2
EndChar
