StartChar: underscoredbl
Encoding: 8215 8215 1278
Width: 463
Flags: HW
HStem: -286.348 72.6957<-2.81997e-14 534> -176.348 72.6957<-2.81997e-14 534>
LayerCount: 2
Fore
Refer: 338 95 N 1 0 0 1 0 -110 2
Refer: 338 95 N 1 0 0 1 0 0 2
EndChar
