StartChar: underscore
Encoding: 95 95 338
Width: 533
VWidth: 0
Flags: HW
HStem: -176.348 72.6957<0 463>
LayerCount: 2
Fore
Refer: 1971 58114 N 0.534 0 0 0.956522 -2.81997e-014 -140 2
EndChar
