StartChar: uni024D
Encoding: 589 589 2471
Width: 421
Flags: W
HStem: 204.594 67.8125<37.0005 321>
LayerCount: 2
Fore
Refer: 441 821 N 0.95302 0 0 0.921053 347.685 -246.895 2
Refer: 17 114 N 1 0 0 1 0 0 3
EndChar
