StartChar: uni01E0
Encoding: 480 480 784
Width: 733
UnlinkRmOvrlpSave: 1
Flags: W
HStem: -177 78.1279<-199.541 -97.954> 0.542969 50.457<-135.903 -117.444> 675 106.076<309.143 455.357> 797.096 63.8595<229 540>
VStem: -272.438 98.4385<-124.671 -35.1372> 292.614 179.272<684.815 771.3>
LayerCount: 2
Fore
Refer: 164 58025 N 1.31818 0 0 0.892892 279.432 17.296 2
Refer: 160 58021 N 1 0 0 0.802169 236 201.887 2
Refer: 26 65 N 1 0 0 1 0 0 3
Position2: "cpsp-1" dx=0 dy=0 dh=50 dv=100
EndChar
