StartChar: uni024D
Encoding: 589 589 2473
Width: 407
Flags: HW
HStem: -5 32<36 65 183 279> 316 108<275 341> 490.951 225.517
VStem: 97 69<53 321> 135.389 169.822
LayerCount: 2
Fore
Refer: 441 821 N 0.95302 0 0 0.921053 333.685 -246.895 2
Refer: 17 114 N 1 0 0 1 0 0 3
EndChar
