StartChar: uni024D
Encoding: 589 589 2471
Width: 421
Flags: HW
HStem: -5 32<50 79 197 293> 316 108<289 355> 490.951 225.517
VStem: 111 69<53 321> 149.389 169.822
LayerCount: 2
Fore
Refer: 441 821 N 0.95302 0 0 0.921053 347.685 -246.895 2
Refer: 17 114 N 1 0 0 1 0 0 3
EndChar
