StartChar: uni024E
Encoding: 590 590 2472
Width: 658
Flags: HW
HStem: -6 72<207.478 293.748 409.7 499.25> 493.531 63.9375<-15.9997 668> 604 74<133 199 584.52 645.009> 611 75<191.345 223.6 461.658 494.526>
VStem: 296 106<77.7581 291>
LayerCount: 2
Fore
Refer: 455 58036 N 0.869123 0 0 0.916667 695.812 42.4167 2
Refer: 57 89 N 1 0 0 1 0 0 3
EndChar
