StartChar: uni0249
Encoding: 585 585 2469
Width: 330
Flags: HW
HStem: 171.3 66.9406<16.0016 314> 612.7 132.6<178.865 289.135>
VStem: 166.4 135.2<624.969 733.079>
LayerCount: 2
Fore
Refer: 441 821 N 0.999995 0 0 0.90921 342 -274.383 2
Refer: 9 106 N 1 0 0 1 50 0 2
EndChar
