StartChar: uni022D.smcp
Encoding: 57848 57848 2200
Width: 659
Flags: HW
HStem: -13 75<274.971 431.469> 497 77<238.2 401.869> 719.752 80.9567<196.5 455.5>
VStem: 34 117<188.562 387.446> 525 109<172.815 368.674>
LayerCount: 2
Fore
Refer: 101 772 N 1 0 0 1 497.5 132.73 2
Refer: 100 771 N 0.996195 -0.080477 0.0871557 0.919857 441.076 33.7563 2
Refer: 2037 57685 N 1 0 0 1 0 0 3
EndChar
