StartChar: uni0249
Encoding: 585 585 2471
Width: 330
Flags: HW
HStem: 98 38<16 314>
VStem: 23 27<-331 -293> 132 68<-160 327>
LayerCount: 2
Fore
Refer: 441 821 N 0.999995 0 0 0.90921 342 -274.383 2
Refer: 9 106 N 1 0 0 1 50 0 2
EndChar
