StartChar: uni0268
Encoding: 616 616 2478
Width: 307
Flags: HW
HStem: -185.355 21<-12.926 24.745> -172.947 60<118.537 211.863> -135.609 59.446<38.694 132.001> -7 33<43 97 194 264> 572 102<108.589 193.411>
VStem: -12.926 273.107 99 104<581.438 664.599> 107 71<57 330>
LayerCount: 2
Fore
Refer: 441 821 N 0.855705 0 0 0.921053 305.96 -246.895 2
Refer: 8 105 N 1 0 0 1 0 0 3
EndChar
