StartChar: uni0247
Encoding: 583 583 2000
Width: 478
UnlinkRmOvrlpSave: 1
Flags: HW
LayerCount: 2
Fore
Refer: 1963 58113 N 0.305886 0.586748 -0.83249 0.432537 77.5574 -47.3742 2
Refer: 4 101 N 1 0 0 1 0 0 2
EndChar
