StartChar: uni023E
Encoding: 574 574 1762
Width: 724
UnlinkRmOvrlpSave: 1
Flags: W
LayerCount: 2
Fore
Refer: 1961 58113 N 0.511902 0.819214 -0.901051 0.563039 114.092 -68.1662 2
Refer: 45 84 N 1 0 0 1 0 0 2
EndChar
