StartChar: uni033B
Encoding: 827 827 870
Width: 0
UnlinkRmOvrlpSave: 1
Flags: HW
HStem: -177 46<-267 -121> -88 46<-267 -121>
AnchorPoint: "Bottom" -193 -12 mark 0
LayerCount: 2
Fore
Refer: 1961 58113 N -0.146 0 -0 -0.741935 -121 -151 2
Refer: 1961 58113 N -0.146 0 -0 -0.741935 -121 -62 2
Refer: 1961 58113 N 0 0.1351 -0.758065 0 -243.5 -174.1 2
Refer: 1961 58113 N 0 0.1351 -0.758065 0 -144.5 -174.1 2
EndChar
