StartChar: uni024F
Encoding: 591 591 2473
Width: 521
Flags: HW
HStem: 257.3 66.9406<24.003 488.001>
LayerCount: 2
Fore
Refer: 441 821 N 1.55704 0 0 0.90921 531.598 -188.383 2
Refer: 24 121 N 1 0 0 1 0 0 3
EndChar
