StartChar: uni022C
Encoding: 556 556 788
Width: 818
Flags: W
HStem: -16 72<348.672 528.99> 616 73<286.654 477.048> 691 18.3885G<260.527 316.291> 694.86 75.3051<424.651 500.467> 736.311 74.8203<330.91 411.756> 825.773 67.3155<267.253 578.253>
VStem: 48 119<261.919 449.449> 251.468 324.946 655 115<214.618 413.376>
LayerCount: 2
Fore
Refer: 40 79 N 1 0 0 1 0 0 3
Refer: 161 58022 N 1 0 0 0.875641 248 34.2696 2
Refer: 160 58021 N 1 0 0 0.845582 274.253 198.351 2
Position2: "cpsp-1" dx=0 dy=0 dh=50 dv=100
EndChar
