StartChar: uni01B6
Encoding: 438 438 1762
Width: 534
VWidth: 1159
UnlinkRmOvrlpSave: 1
Flags: HW
HStem: 219.301 66.9406<86 440>
LayerCount: 2
Fore
Refer: 441 821 N 1.18792 0 0 0.90921 473.262 -226.383 2
Refer: 25 122 N 1 0 0 1 0 0 2
EndChar
