StartChar: uni024D
Encoding: 589 589 2498
Width: 406
VWidth: 1159
Flags: HW
HStem: -5 32<30 59 177 273> 316 108<269 335> 490.951 225.517
VStem: 91 69<53 321> 129.389 169.822
LayerCount: 2
Fore
Refer: 441 821 N 0.95302 0 0 0.921053 327.685 -246.895 2
Refer: 17 114 N 1 0 0 1 0 0 3
EndChar
