StartChar: uni03FF
Encoding: 1023 1023 1052
Width: 732
Flags: W
HStem: 2 72<225.149 437.69> 309 103<298.497 382.503> 631 75<210.237 418.343>
VStem: 54 57<502.281 536.804> 84 62<142.574 197.795> 289 103<318.531 402.507> 585 115<243.64 465.316>
LayerCount: 2
Fore
Refer: 2359 57345 N 0.990385 0 0 0.990385 340.5 360.5 2
Refer: 1050 1021 N 1 0 0 1 0 0 2
Validated: 1
Position2: "cpsp-1" dx=0 dy=0 dh=50 dv=100
EndChar
