StartChar: uni033B
Encoding: 827 827 870
Width: 0
VWidth: 1159
UnlinkRmOvrlpSave: 1
Flags: W
HStem: -177 46<-267 -121> -88 46<-267 -121>
AnchorPoint: "Bottom" -193 -15 mark 0
LayerCount: 2
Fore
Refer: 1970 58113 N -0.146 0 -0 -0.741935 -121 -154 2
Refer: 1970 58113 N -0.146 0 -0 -0.741935 -121 -65 2
Refer: 1970 58113 N 0 0.1351 -0.758065 0 -243.5 -177.1 2
Refer: 1970 58113 N 0 0.1351 -0.758065 0 -144.5 -177.1 2
EndChar
