StartChar: uni023B
Encoding: 571 571 1761
Width: 732
UnlinkRmOvrlpSave: 1
Flags: W
HStem: -16 75<324.657 532.763> 616 72<305.31 517.851>
VStem: 43 115<224.684 446.36> 597 62<492.205 547.426> 632 57<153.196 187.719>
LayerCount: 2
Fore
Refer: 1961 58113 N 0.512153 0.819214 -0.901492 0.563039 127.423 -68.1662 2
Refer: 28 67 N 1 0 0 1 0 0 2
EndChar
