StartChar: uni0247
Encoding: 583 583 2007
Width: 478
VWidth: 1159
Flags: W
LayerCount: 2
Fore
Refer: 1970 58113 S 0.305886 0.586748 -0.83249 0.432537 77.5574 -47.3742 2
Refer: 4 101 N 1 0 0 1 0 0 2
Validated: 5
EndChar
