StartChar: uni01DC.smcp
Encoding: 57809 57809 2170
Width: 685
VWidth: 1159
Flags: W
HStem: -12 84<277.033 457.515> 497 65<54.8889 97.3068 204.007 240.131 607.22 650.378> 549 20G<483.71 495.5 644.5 652.37> 717.08 105.84<225.494 319.506 401.494 495.506>
VStem: 102 102<145.953 494.813> 218.32 108.36<724.114 815.915> 394.32 108.36<724.114 815.915> 524 83<144.403 496.413>
LayerCount: 2
Fore
Refer: 2052 57691 N 1 0 0 1 0 0 3
Refer: 94 768 N 0.86012 0.45148 -0.351495 0.861865 664.508 385.031 2
Refer: 97 776 N 1 0 0 1 535.5 124 2
Validated: 5
EndChar
