StartChar: uni0268
Encoding: 616 616 2478
Width: 331
Flags: W
HStem: 204.594 67.8125<41.0002 296> 612.7 132.6<146.865 257.135>
VStem: 134.4 135.2<624.969 733.079>
LayerCount: 2
Fore
Refer: 441 821 N 0.855705 0 0 0.921053 319.96 -246.895 2
Refer: 8 105 N 1 0 0 1 0 0 3
EndChar
