StartChar: uni0289
Encoding: 649 649 2482
Width: 563
Flags: W
HStem: 171.3 66.9406<21.0009 493>
LayerCount: 2
Fore
Refer: 441 821 N 1.58389 0 0 0.90921 537.349 -274.383 2
Refer: 20 117 N 1 0 0 1 0 0 3
EndChar
