StartChar: uni023A
Encoding: 570 570 1759
Width: 733
UnlinkRmOvrlpSave: 1
Flags: HW
HStem: -177 78.1279<-199.541 -97.954> 0.542969 50.457<-135.903 -117.444>
VStem: -272.438 98.4385<-124.671 -35.1372>
LayerCount: 2
Fore
Refer: 1961 58113 N 0.511902 0.819214 -0.901051 0.563039 108.092 -68.1662 2
Refer: 26 65 N 1 0 0 1 0 0 2
EndChar
