StartChar: uni022A
Encoding: 554 554 786
Width: 819
VWidth: 0
Flags: W
HStem: -16 72<346.672 526.99> 616 73<284.654 475.048> 694.1 90.8999<271.142 360.858 463.142 552.858> 798.598 63.4601<256 567>
VStem: 46 119<261.919 449.449> 261 110<702.511 776.622> 453 110<702.511 776.622> 653 115<214.618 413.376>
LayerCount: 2
Fore
Refer: 40 79 N 1 0 0 1 0 0 3
Refer: 163 58024 S 1 0 0 0.843226 262 60.7531 2
Refer: 160 58021 N 1 0 0 0.797152 263 207.111 2
Validated: 1
Position2: "cpsp-1" dx=0 dy=0 dh=50 dv=100
EndChar
