StartChar: uni023C
Encoding: 572 572 2006
Width: 444
VWidth: 1159
UnlinkRmOvrlpSave: 1
Flags: W
LayerCount: 2
Fore
Refer: 1970 58113 N 0.305886 0.586748 -0.83249 0.432537 77.5574 -47.3742 2
Refer: 2 99 N 1 0 0 1 0 0 2
Validated: 5
EndChar
