StartChar: uni1E51
Encoding: 7761 7761 809
Width: 550
VWidth: 0
Flags: HW
HStem: -11 74<225.683 365.593> 440 77<184.436 324.919> 636.022 80.9567<158.5 417.5>
VStem: 20 100<179.83 346.467> 426 104<152.433 329.656>
LayerCount: 2
Fore
Refer: 14 111 N 1 0 0 1 0 0 2
Refer: 94 768 S 0.960238 0.146911 -0.0518035 0.929342 464.081 146.704 2
Refer: 101 772 N 1 0 0 1 449.5 -27 2
EndChar
