StartChar: uni1ED1
Encoding: 7889 7889 852
Width: 570
Flags: HW
HStem: -11 74<235.683 375.593> 440 77<194.436 334.919> 543.319 131.361
VStem: 30 100<179.83 346.467> 152.22 268.561 436 104<152.433 329.656>
AnchorPoint: "Bottom" 249 -15 basechar 0
LayerCount: 2
Fore
Refer: 470 58080 N 0.745874 0.125851 -0.313113 1.02483 685.65 98.8114 2
Refer: 14 111 N 1 0 0 1 0 0 2
Refer: 471 58081 N 1 0 0 1 490 111 2
EndChar
