StartChar: uni1ED1.smcp
Encoding: 57969 57969 2330
Width: 673
VWidth: 1159
Flags: HW
HStem: -13 75<274.971 431.469> 497 77<238.2 401.869> 523.319 131.361
VStem: 34 117<188.562 387.446> 195.22 268.561 525 109<172.815 368.674>
LayerCount: 2
Fore
Refer: 471 58081 S 1 0 0 1 533 155 2
Refer: 470 58080 N 0.745874 0.0958213 -0.313113 0.780289 737.65 323.825 2
Refer: 2046 57685 N 1 0 0 1 0 0 3
EndChar
