StartChar: uni1EB1
Encoding: 7857 7857 846
Width: 456
VWidth: 1159
Flags: HW
HStem: 620 76.7188<150.897 298.386>
VStem: 72.3477 305.357
AnchorPoint: "Bottom" 193 -15 basechar 0
LayerCount: 2
Fore
Refer: 94 768 S 0.827813 -0.022212 0.255159 0.658521 213.628 282.917 2
Refer: 105 774 N 1 0 0 1 417.5 -30 2
Refer: 0 97 N 1 0 0 1 0 0 2
Validated: 1
EndChar
