StartChar: uni1EA7
Encoding: 7847 7847 840
Width: 452
VWidth: 0
Flags: HW
HStem: 543.319 131.361
VStem: 102.22 268.561
AnchorPoint: "Bottom" 193 -15 basechar 0
LayerCount: 2
Fore
Refer: 472 58082 S 0.802353 0.170979 0.0638383 1.0233 248.121 84.2797 2
Refer: 471 58081 S 1 0 0 1 434 115 2
Refer: 0 97 N 1 0 0 1 0 0 2
EndChar
