StartChar: uni1EC1.smcp
Encoding: 57961 57961 2313
Width: 573
Flags: HW
HStem: -13 69<92.8841 124.828> 2 70<230.627 446.061> 245 69<231 394.513> 492 71<84 126.107 232 428.996> 550 20G<471 493.5> 582.319 131.361
VStem: 127 103<72.0015 244 315 490.473> 165.22 268.561 401 66<216.136 244.272 314.234 348.554> 431 62<443 488.967> 471 58<97.9627 119.569>
LayerCount: 2
Fore
Refer: 472 58082 N 0.744613 -0.120267 0.290112 1.02808 176.072 86.0321 2
Refer: 471 58081 N 1 0 0 1 497 154 2
Refer: 2027 57675 N 1 0 0 1 0 0 3
EndChar
