StartChar: uni1ED3
Encoding: 7891 7891 853
Width: 550
VWidth: 0
Flags: HW
HStem: -11 74<225.683 365.593> 440 77<184.436 324.919> 543.319 131.361
VStem: 20 100<179.83 346.467> 142.22 268.561 426 104<152.433 329.656>
AnchorPoint: "Bottom" 249 -15 basechar 0
LayerCount: 2
Fore
Refer: 472 58082 S 0.748341 -0.118739 0.302951 1.02151 146.735 59.0948 2
Refer: 471 58081 S 1 0 0 1 474 111 2
Refer: 14 111 N 1 0 0 1 0 0 2
EndChar
