StartChar: uni1E51.smcp
Encoding: 57905 57905 2266
Width: 673
VWidth: 1159
Flags: W
HStem: -13 75<274.971 431.469> 497 77<238.2 401.869> 709.022 80.9567<226.5 485.5>
VStem: 34 117<188.562 387.446> 525 109<172.815 368.674>
LayerCount: 2
Fore
Refer: 101 772 S 1 0 0 1 527.5 122 2
Refer: 94 768 S 0.86012 0.45148 -0.351495 0.861865 695.508 372.031 2
Refer: 2046 57685 N 1 0 0 1 0 0 3
Validated: 1
EndChar
