StartChar: uni1F1D
Encoding: 7965 7965 1477
Width: 861
Flags: W
HStem: -14 65<337.708 384.082> 1 76<496.078 768.75> 306 69<496 711.271> 499.848 60.48<59.1203 114.767> 612 67<327 385.054 498.953 758.686> 667 20G<800 823>
VStem: -28.8735 81<569.631 637.366> 386 110<77.9826 305 374 607.868> 722 63<261.095 305.939 375.112 419.629> 761 59<543 603.369> 810 59<127.365 143.729>
LayerCount: 2
Fore
Refer: 1618 8189 N 1.08329 0.191013 -0.191013 1.08329 98.2759 -26.841 2
Refer: 1616 8190 N 1.08 0 0 1.08 -96.9135 -17.472 2
Refer: 980 917 N 1 0 0 1 242 0 2
Validated: 1
EndChar
