StartChar: uni1EAF.pcap
Encoding: 57628 57628 1911
Width: 549
VWidth: 1159
Flags: HW
HStem: -8 67<33.2113 75.9979 483.002 522> 124 66<203 336> 489 20G<246.5 325> 530 76.7188<213.543 361.032>
VStem: 134.994 305.357
LayerCount: 2
Fore
Refer: 470 58080 N 0.745874 0.0958213 -0.313113 0.780289 591.296 235.825 2
Refer: 105 774 S 1 0 0 1 462.146 -46 2
Refer: 643 57347 N 1 0 0 1 0 0 3
EndChar
