StartChar: uni1FDB
Encoding: 8155 8155 2381
Width: 559
Flags: HW
HStem: -8 21G<175.158 201.5 466.5 493.389> 672 20G<180.421 208.5 468 497.026>
VStem: 285 106<67.4773 555.247>
LayerCount: 2
Fore
Refer: 1611 8189 N 0.912345 0.614516 -0.614516 0.912345 336.556 -17.0538 2
Refer: 984 921 N 1 0 0 1 106 0 2
EndChar
