StartChar: uni1E51.pcap
Encoding: 57581 57581 1947
Width: 591
VWidth: 1159
Flags: W
HStem: -12 77<238 380.814> 433 79<207.486 352.49> 545.022 80.9567<158.5 417.5>
VStem: 27 115<161.882 350.475> 453 105<152.614 330.102>
LayerCount: 2
Fore
Refer: 94 768 S 0.954508 0.180431 -0.0842999 0.926959 506.221 134.433 2
Refer: 101 772 S 1 0 0 1 459.5 -42 2
Refer: 657 57361 N 1 0 0 1 0 0 3
Validated: 1
EndChar
