StartChar: uni1EB1.smcp
Encoding: 57953 57953 2314
Width: 615
VWidth: 1159
Flags: HW
HStem: -8 68<38.3653 85.7676 173.998 196 417 423.311> 0 59<540.002 585.395> 148 64<221 382> 554 20G<286 359> 700 76.7188<231.897 379.386>
VStem: 153.348 305.357
AnchorPoint: "Bottom" 234 -15 basechar 0
LayerCount: 2
Fore
Refer: 2032 57671 N 1 0 0 1 0 0 3
Refer: 105 774 S 1 0 0 1 496.5 36 2
Refer: 94 768 N 0.782905 0.269867 0.00769009 0.706185 432.834 406.569 2
Validated: 1
EndChar
