StartChar: uni1FEA
Encoding: 8170 8170 2386
Width: 907
Flags: HW
HStem: -11 42<322 400.062 531.394 620.814> 624 76<183.233 292.515 653.65 763.052>
VStem: 434.377 78.0224<61.5545 369.397>
LayerCount: 2
Fore
Refer: 2379 8175 N 0.942898 -0.566521 0.566521 0.942898 -418.995 128.56 2
Refer: 995 933 N 1 0 0 1 173 0 2
EndChar
