StartChar: uni1ED1.pcap
Encoding: 57645 57645 1916
Width: 591
VWidth: 1159
Flags: W
HStem: -12 77<238 380.814> 433 79<207.486 352.49> 533.319 131.361
VStem: 27 115<161.882 350.475> 164.22 268.561 453 105<152.614 330.102>
LayerCount: 2
Fore
Refer: 470 58080 S 0.742603 -0.118533 -0.0802185 0.836932 569.1 146.641 2
Refer: 471 58081 S 1 0 0 1 496 105 2
Refer: 657 57361 N 1 0 0 1 0 0 3
Validated: 1
EndChar
