StartChar: uni1E15
Encoding: 7701 7701 793
Width: 478
VWidth: 0
Flags: W
HStem: 573.022 80.9567<114.5 373.5>
AnchorPoint: "Bottom" 205 -15 basechar 0
LayerCount: 2
Fore
Refer: 94 768 N 0.924241 0.299029 -0.200197 0.909 498.475 197.7 2
Refer: 4 101 N 1 0 0 1 0 0 3
Refer: 101 772 N 1 0 0 1 415.5 -14 2
Validated: 1
EndChar
