StartChar: uni1EC1.smcp
Encoding: 57961 57961 2322
Width: 582
VWidth: 1159
Flags: HW
HStem: -13 69<92.8841 124.828> 2 70<230.627 446.061> 245 69<231 394.513> 492 71<84 126.107 232 428.996> 523.319 131.361 550 20G<471 493.5>
VStem: 127 103<72.0015 244 315 490.473> 131.22 268.561 401 66<216.136 244.272 314.234 348.554> 431 62<443 488.967> 471 58<97.9627 119.569>
LayerCount: 2
Fore
Refer: 471 58081 S 1 0 0 1 497 182 2
Refer: 94 768 N 0.782905 0.269867 0.00769009 0.706185 333.834 414.569 2
Refer: 2036 57675 N 1 0 0 1 0 0 3
Validated: 1
EndChar
