StartChar: uni1EAE
Encoding: 7854 7854 833
Width: 733
UnlinkRmOvrlpSave: 1
Flags: HW
HStem: -177 78.1279<-199.541 -97.954> 0.542969 50.457<-135.903 -117.444> 658.447 78.834<295.023 465.147>
VStem: -272.438 98.4385<-124.671 -35.1372> 221.765 317.471
AnchorPoint: "Bottom" 363 -15 basechar 0
LayerCount: 2
Fore
Refer: 90 58018 N 0.873529 0.000644245 0.00523702 0.910792 284.253 100.116 2
Refer: 162 58023 N 1 0 0 1 220 -75 2
Refer: 26 65 N 1 0 0 1 0 0 2
Position2: "cpsp-1" dx=0 dy=0 dh=50 dv=100
EndChar
