StartChar: uni1FAE
Encoding: 8110 8110 1590
Width: 830
VWidth: 0
Flags: W
HStem: -287 44.4951<383.881 454.245> -10 21G<186.117 190.904 743.863 748.642> 0.754883 75.3525<232.163 338.381 591.783 704.981> 501.848 60.48<18.9904 74.6366> 657 49<350.08 538.066> 905.176 94.6<159.831 228.451> 957.248 93.9909<74.9862 148.16>
VStem: 3.08398 294.106 81.6304 81<571.631 639.366> 142 93<334.929 517.115> 176 40<91.9703 196.875> 342.95 65.9873<-241.952 -81.5438> 356.954 71.1582<-212.355 -79.5068> 700 101<323.745 498.491> 721 43<92.199 191.651>
LayerCount: 2
Fore
Refer: 961 890 N 1 0 0 1 337.422 8 2
Refer: 1582 8046 N 1 0 0 1 0 0 3
Validated: 1
EndChar
