StartChar: uni1EBF
Encoding: 7871 7871 864
Width: 478
VWidth: 0
Flags: W
HStem: 543.319 131.361
VStem: 83.2197 268.561
AnchorPoint: "Bottom" 205 -15 basechar 0
LayerCount: 2
Fore
Refer: 4 101 N 1 0 0 1 0 0 2
Refer: 470 58080 N 0.745874 0.0958213 -0.313113 0.780289 625.65 243.825 2
Refer: 471 58081 S 1 0 0 1 415 115 2
Validated: 1
EndChar
