StartChar: uni1EBF.smcp
Encoding: 57960 57960 2321
Width: 582
VWidth: 1159
Flags: HW
HStem: -13 69<92.8841 124.828> 2 70<230.627 446.061> 245 69<231 394.513> 492 71<84 126.107 232 428.996> 523.319 131.361 550 20G<471 493.5>
VStem: 127 103<72.0015 244 315 490.473> 131.22 268.561 401 66<216.136 244.272 314.234 348.554> 431 62<443 488.967> 471 58<97.9627 119.569>
LayerCount: 2
Fore
Refer: 471 58081 S 1 0 0 1 505 161 2
Refer: 470 58080 N 0.745874 0.0958213 -0.313113 0.780289 673.65 323.825 2
Refer: 2036 57675 N 1 0 0 1 0 0 3
EndChar
