StartChar: uni1EC1
Encoding: 7873 7873 865
Width: 506
Flags: HW
HStem: 543.319 131.361
VStem: 94.2197 268.561
AnchorPoint: "Bottom" 205 -15 basechar 0
LayerCount: 2
Fore
Refer: 472 58082 N 0.748341 -0.118739 0.302951 1.02151 128.735 59.0948 2
Refer: 471 58081 N 1 0 0 1 456 111 2
Refer: 4 101 N 1 0 0 1 0 0 2
EndChar
