StartChar: uni1E51
Encoding: 7761 7761 809
Width: 570
Flags: W
HStem: -11 74<235.683 375.593> 440 77<194.436 334.919> 565.022 80.9567<157.5 416.5>
VStem: 30 100<179.83 346.467> 436 104<152.433 329.656>
LayerCount: 2
Fore
Refer: 472 58082 N 0.998734 -0.0503045 0.0503045 0.998734 428.006 102.426 2
Refer: 101 772 N 1 0 0 1 458.5 -22 2
Refer: 14 111 N 1 0 0 1 0 0 2
EndChar
