StartChar: uni1ED3.smcp
Encoding: 57970 57970 2331
Width: 659
Flags: HW
HStem: -15.858 74.9411<273.024 431.504> 491.323 76.6295<237.92 401.754> 525.319 129.361
VStem: 34.0109 116.953<183.715 382.171> 195.22 268.561 525.047 108.837<167.936 363.427>
LayerCount: 2
Fore
Refer: 472 58082 N 0.744613 -0.120267 0.290112 1.02808 206.072 86.0321 2
Refer: 471 58081 N 1 0 0 1 527 154 2
Refer: 2046 57685 N 1 0 0 1 0 0 3
EndChar
