StartChar: uni1EB1.pcap
Encoding: 57629 57629 1912
Width: 549
VWidth: 1159
Flags: W
HStem: -8 67<33.2113 75.9979 483.002 522> 124 66<203 336> 489 20G<246.5 325> 530 76.7188<213.543 361.032>
VStem: 134.994 305.357
AnchorPoint: "Bottom" 234 -15 basechar 0
LayerCount: 2
Fore
Refer: 94 768 S 0.822205 -0.0987306 0.315009 0.63208 230.788 271.135 2
Refer: 643 57347 N 1 0 0 1 0 0 3
Refer: 105 774 N 1 0 0 1 462.146 -46 2
Validated: 1
EndChar
