StartChar: uni1E4F
Encoding: 7759 7759 807
Width: 550
VWidth: 0
Flags: W
HStem: -11 74<225.683 365.593> 440 77<184.436 324.919> 767.234 105.84<160.89 254.902 336.89 430.902>
VStem: 20 100<179.83 346.467> 153.716 108.36<774.268 866.069> 329.716 108.36<774.268 866.069> 426 104<152.433 329.656>
LayerCount: 2
Fore
Refer: 100 771 N 0.996195 -0.0871557 0.0871557 0.996195 427.96 28.6837 2
Refer: 97 776 N 1 0 0 1 470.896 174.154 2
Refer: 14 111 N 1 0 0 1 0 0 3
Validated: 1
EndChar
