StartChar: uni1ED3.pcap
Encoding: 57646 57646 1917
Width: 591
VWidth: 1159
Flags: W
HStem: -12 77<238 380.814> 433 79<207.486 352.49> 533.319 131.361
VStem: 27 115<161.882 350.475> 164.22 268.561 453 105<152.614 330.102>
LayerCount: 2
Fore
Refer: 94 768 S 0.776779 0.0750604 0.168292 0.712998 195.297 225.259 2
Refer: 657 57361 N 1 0 0 1 0 0 3
Refer: 471 58081 S 1 0 0 1 496 105 2
Validated: 1
EndChar
