StartChar: uni1EA5
Encoding: 7845 7845 839
Width: 452
VWidth: 0
Flags: W
HStem: 543.319 131.361
VStem: 102.22 268.561
AnchorPoint: "Bottom" 193 -15 basechar 0
LayerCount: 2
Fore
Refer: 470 58080 N 0.745874 0.0958213 -0.313113 0.780289 609.65 243.825 2
Refer: 0 97 N 1 0 0 1 0 0 2
Refer: 471 58081 S 1 0 0 1 434 115 2
Validated: 1
EndChar
