StartChar: uni1EAF.smcp
Encoding: 57952 57952 2313
Width: 615
VWidth: 1159
Flags: HW
HStem: -8 68<38.3653 85.7676 173.998 196 417 423.311> 0 59<540.002 585.395> 148 64<221 382> 554 20G<286 359> 700 76.7188<231.897 379.386>
VStem: 153.348 305.357
LayerCount: 2
Fore
Refer: 2032 57671 N 1 0 0 1 0 0 3
Refer: 105 774 S 1 0 0 1 494.5 32 2
Refer: 470 58080 N 0.745874 0.0958213 -0.313113 0.780289 609.65 315.825 2
Validated: 1
EndChar
