StartChar: uni1F0D
Encoding: 7949 7949 1469
Width: 733
VWidth: 1159
Flags: HW
HStem: 499.848 60.48<90.1203 145.767>
VStem: 2.1265 81<569.631 637.366>
AnchorPoint: "Bottom" 368 -15 basechar 0
AnchorPoint: "Top" 382 679 basechar 0
LayerCount: 2
Fore
Refer: 1618 8189 S 0.945387 0.562358 -0.562358 0.945387 475.928 -27.1905 2
Refer: 1616 8190 S 1.08 0 0 1.08 -74.9135 -46.472 2
Refer: 976 913 N 1 0 0 1 0 0 2
EndChar
