StartChar: uni1E4F
Encoding: 7759 7759 807
Width: 570
Flags: W
HStem: -11 74<235.683 375.593> 440 77<194.436 334.919> 681.234 105.84<162.89 256.902 338.89 432.902>
VStem: 30 100<179.83 346.467> 155.716 108.36<688.268 780.069> 331.716 108.36<688.268 780.069> 436 104<152.433 329.656>
LayerCount: 2
Fore
Refer: 100 771 N 0.996195 -0.0871557 0.0871557 0.996195 417.96 -65.3163 2
Refer: 97 776 N 1 0 0 1 472.896 88.154 2
Refer: 14 111 N 1 0 0 1 0 0 3
EndChar
