StartChar: uni1FEB
Encoding: 8171 8171 2396
Width: 844
VWidth: 1159
Flags: HW
HStem: -11 42<308 386.062 517.394 606.814> 624 76<169.233 278.515 639.65 749.052>
VStem: 420.377 78.0224<61.5545 369.397>
LayerCount: 2
Fore
Refer: 1618 8189 N 0.912345 0.614516 -0.614516 0.912345 336.556 -17.0538 2
Refer: 995 933 N 1 0 0 1 110 0 2
EndChar
