StartChar: uni1ED3.pcap
Encoding: 57646 57646 1908
Width: 591
Flags: HW
HStem: -12 77<238 380.814> 433 79<207.486 352.49> 539.319 131.361
VStem: 27 115<161.882 350.475> 163.22 268.561 453 105<152.614 330.102>
LayerCount: 2
Fore
Refer: 472 58082 N 0.744613 -0.120267 0.290112 1.02808 174.072 55.0321 2
Refer: 471 58081 N 1 0 0 1 495 111 2
Refer: 657 57361 N 1 0 0 1 0 0 3
EndChar
