StartChar: uni1EA7
Encoding: 7847 7847 840
Width: 452
VWidth: 0
Flags: W
HStem: 543.319 131.361
VStem: 102.22 268.561
AnchorPoint: "Bottom" 193 -15 basechar 0
LayerCount: 2
Fore
Refer: 94 768 N 0.782905 0.269867 0.00769009 0.706185 269.834 334.569 2
Refer: 471 58081 S 1 0 0 1 434 115 2
Refer: 0 97 N 1 0 0 1 0 0 2
Validated: 1
EndChar
