StartChar: uni1FDA
Encoding: 8154 8154 2380
Width: 586
Flags: HW
HStem: -8 21G<202.158 228.5 493.5 520.389> 672 20G<207.421 235.5 495 524.026>
VStem: 312 106<67.4773 555.247>
LayerCount: 2
Fore
Refer: 2379 8175 N 0.942898 -0.566521 0.566521 0.942898 -418.995 128.56 2
Refer: 984 921 N 1 0 0 1 133 0 2
EndChar
