StartChar: uni1F1B
Encoding: 7963 7963 1475
Width: 885
Flags: W
HStem: -14 65<361.708 408.082> 1 76<520.078 792.75> 306 69<520 735.271> 499.848 60.48<76.1203 131.767> 612 67<351 409.054 522.953 782.686> 667 20G<824 847>
VStem: -11.8735 81<569.631 637.366> 410 110<77.9826 305 374 607.868> 746 63<261.095 305.939 375.112 419.629> 785 59<543 603.369> 834 59<127.365 143.729>
LayerCount: 2
Fore
Refer: 2388 8175 S 1.08329 -0.191013 0.191013 1.08329 -48.2958 97.955 2
Refer: 1616 8190 N 1.08 0 0 1.08 -79.9135 -17.472 2
Refer: 980 917 N 1 0 0 1 266 0 2
Validated: 1
EndChar
