StartChar: uni1EBF.pcap
Encoding: 57636 57636 2004
Width: 528
Flags: HW
HStem: -12 21G<89.1429 116> 1 81<219 404.632> 215 71<218 345.924> 387 117<381 446> 424 74<83 117 217.001 379.771> 539.319 131.361
VStem: 117 99<82 215 286 424.458> 142.22 268.561 357 67<190.194 214.518 284.915 308.537> 381 65<387 423.302>
LayerCount: 2
Fore
Refer: 470 58080 N 0.745874 0.125851 -0.313113 1.02483 669.65 98.8114 2
Refer: 471 58081 N 1 0 0 1 474 111 2
Refer: 647 57351 N 1 0 0 1 0 0 3
EndChar
