StartChar: uni1FAF
Encoding: 8111 8111 1584
Width: 855
Flags: HW
HStem: -166 67.4951<442.481 523.39> -10 21G<191.117 196.513 789.165 794.642> 0.754883 108.353<252.118 333.381 648.783 739.601> 593.808 60.48<110.12 165.767> 616 73<375.731 563.638> 898.327 23.1G<11.2838 61.755> 903.176 94.6<159.831 228.451> 955.248 93.9909<74.9862 148.16>
VStem: 3.08398 294.106 22.1265 81<663.591 731.325> 167 119<327.13 512.127> 181 57<122.128 175.614> 395.95 101.987<-98.4588 -29.5539> 699 127<325.587 487.576> 755 55<124.103 171.509>
LayerCount: 2
Fore
Refer: 961 890 N 1 0 0 1 384.422 8 2
Refer: 1576 8047 N 1 0 0 1 0 0 3
EndChar
