StartChar: uni1FCB
Encoding: 8139 8139 2394
Width: 1016
Flags: HW
HStem: -7 76<192 253.81 736.132 780.07> 311 68<369 785> 617 69<727.594 779.451> 623 70<901.152 944.5>
VStem: 259 110<69.0823 311 379 605.175> 780 120<385.053 613.034> 785 106<72.4788 312 379 499.728>
LayerCount: 2
Fore
Refer: 1618 8189 N 0.912345 0.614516 -0.614516 0.912345 336.556 -17.0538 2
Refer: 982 919 N 1 0 0 1 123 0 2
EndChar
