StartChar: uni1EAF.pcap
Encoding: 57628 57628 1902
Width: 571
Flags: HW
HStem: -8 67<33.2113 75.9979 483.002 522> 124 66<203 336> 489 20G<246.5 325> 545 76.7188<212.897 360.386>
VStem: 134.348 305.357
LayerCount: 2
Fore
Refer: 470 58080 N 0.745874 0.125851 -0.313113 1.02483 551.65 110.811 2
Refer: 105 774 N 1 0 0 1 461.5 -31 2
Refer: 643 57347 N 1 0 0 1 0 0 3
EndChar
