StartChar: uni1E4C
Encoding: 7756 7756 804
Width: 818
Flags: HW
HStem: -16 72<348.672 528.99> 616 73<286.654 477.048> 743.408 86<439.651 515.467> 789.476 154.372 790.746 85.4463<345.91 426.756>
VStem: 48 119<261.919 449.449> 241.555 205.617 266.468 324.946 655 115<214.618 413.376>
LayerCount: 2
Fore
Refer: 40 79 N 1 0 0 1 0 0 3
Refer: 161 58022 N 1 0 0 1 323 -32 2
Refer: 90 58018 N 0.883116 0.469155 -0.469155 0.883116 535.106 74.8125 2
Position2: "cpsp-1" dx=0 dy=0 dh=50 dv=100
EndChar
