StartChar: uni1F0B
Encoding: 7947 7947 1467
Width: 733
VWidth: 1159
Flags: HW
HStem: 499.848 60.48<79.1203 134.767>
VStem: -8.8735 81<569.631 637.366>
AnchorPoint: "Bottom" 368 -15 basechar 0
AnchorPoint: "Top" 382 679 basechar 0
LayerCount: 2
Fore
Refer: 2388 8175 S 0.942898 -0.566521 0.566521 0.942898 -289.995 153.56 2
Refer: 1616 8190 N 1.0496 0.254448 -0.254448 1.0496 76.8064 -72.7343 2
Refer: 976 913 N 1 0 0 1 0 0 2
EndChar
