StartChar: uni1FC8
Encoding: 8136 8136 2382
Width: 813
Flags: W
HStem: -14 65<225.708 272.082> 1 76<384.078 656.75> 306 69<384 599.271> 612 67<215 273.054 386.953 646.686> 667 20G<688 711>
VStem: 274 110<77.9826 305 374 607.868> 610 63<261.095 305.939 375.112 419.629> 649 59<543 603.369> 698 59<127.365 143.729>
LayerCount: 2
Fore
Refer: 2379 8175 N 0.942898 -0.566521 0.566521 0.942898 -418.995 128.56 2
Refer: 980 917 N 1 0 0 1 130 0 2
EndChar
