StartChar: uni1FAE
Encoding: 8110 8110 1583
Width: 830
Flags: HW
HStem: -166 67.4951<395.481 476.39> -10 21G<166.117 171.513 764.165 769.642> 0.754883 108.353<227.118 308.381 623.783 714.601> 595.808 60.48<-37.1696 18.4766> 616 73<350.731 538.638> 900.327 23.1G<11.2838 61.755> 905.176 94.6<159.831 228.451> 957.248 93.9909<74.9862 148.16>
VStem: 3.08398 294.106 25.4704 81<665.591 733.65> 142 119<327.13 512.127> 156 57<122.128 175.614> 348.95 101.987<-98.4588 -29.5539> 674 127<325.587 487.576> 730 55<124.103 171.509>
LayerCount: 2
Fore
Refer: 961 890 N 1 0 0 1 337.422 8 2
Refer: 1575 8046 N 1 0 0 1 0 0 3
EndChar
