StartChar: uni1E51
Encoding: 7761 7761 809
Width: 550
Flags: HW
HStem: -11 74<225.683 365.593> 440 77<184.436 324.919> 636.022 80.9567<158.5 417.5>
VStem: 20 100<179.83 346.467> 426 104<152.433 329.656>
LayerCount: 2
Fore
Refer: 472 58082 N 0.998734 -0.0503045 0.0503045 0.998734 418.006 102.426 2
Refer: 101 772 N 1 0 0 1 448.5 -22 2
Refer: 14 111 N 1 0 0 1 0 0 2
EndChar
