StartChar: uni1E2F.pcap
Encoding: 57564 57564 1878
Width: 377
VWidth: 1159
Flags: W
HStem: -8 66<247.449 314.53> 438 71<69.5139 135.452 252.508 318.493> 538.08 105.84<64.4941 158.506 240.494 334.506>
VStem: 57.32 108.36<545.114 636.915> 140 104<63.5768 428.84> 233.32 108.36<545.114 636.915>
LayerCount: 2
Fore
Refer: 470 58080 S 0.983282 -0.182089 0.182089 0.983282 250.027 80.5234 2
Refer: 97 776 N 1 0 0 1 374.5 -55 2
Refer: 651 57355 N 1 0 0 1 0 0 3
Validated: 1
EndChar
