StartChar: uni1E4F.smcp
Encoding: 57904 57904 2256
Width: 659
Flags: HW
HStem: -13 75<274.971 431.469> 497 77<238.2 401.869> 714.234 105.84<193.89 287.902 369.89 463.902>
VStem: 34 117<188.562 387.446> 186.716 108.36<721.268 813.069> 362.716 108.36<721.268 813.069> 525 109<172.815 368.674>
LayerCount: 2
Fore
Refer: 100 771 N 0.996195 -0.0786746 0.0871557 0.899255 447.96 43.9253 2
Refer: 97 776 N 1 0 0 1 503.896 121.154 2
Refer: 2037 57685 N 1 0 0 1 0 0 3
EndChar
