StartChar: uni1EA5.smcp
Encoding: 57947 57947 2308
Width: 615
VWidth: 1159
Flags: HMW
LayerCount: 2
Fore
Refer: 2032 57671 N 1 0 0 1 0 0 3
Refer: 471 58081 N 1 0 0 1 516 149 2
Refer: 470 58080 S 0.745874 0.0958213 -0.313113 0.780289 708.65 254.825 2
EndChar
