StartChar: uni1F6D
Encoding: 8045 8045 1574
Width: 875
Flags: HW
HStem: -10 21G<211.117 216.513 809.165 814.642> 0.754883 108.353<272.118 353.381 668.783 759.601> 593.808 60.48<59.1203 114.767> 616 73<395.731 583.638>
VStem: -28.8735 81<663.591 731.325> 187 119<327.13 512.127> 201 57<122.128 175.614> 719 127<325.587 487.576> 775 55<124.103 171.509>
AnchorPoint: "Top" 508 699 basechar 0
AnchorPoint: "Bottom" 504 -7 basechar 0
LayerCount: 2
Back
Refer: 999 937 N 1 0 0 1 132 0 2
Refer: 92 769 N 1.08329 0.191013 -0.191013 1.08329 467.711 107.371 2
Refer: 694 788 N 1.1 0 0 1.1 317.378 29.9 2
Fore
Refer: 1611 8189 N 1.08329 0.191013 -0.191013 1.08329 98.2759 -26.841 2
Refer: 1609 8190 N 1.08 0 0 1.08 -96.9135 -17.472 2
Refer: 999 937 N 1 0 0 1 144 0 2
EndChar
