StartChar: uni1E1F
Encoding: 7711 7711 545
Width: 334
VWidth: 0
Flags: HW
HStem: 738.701 113.3<98.3337 195.064>
VStem: 87.3988 118.6<749.184 841.559>
LayerCount: 2
Fore
Refer: 49 775 S 0.877221 0 0 0.854451 301.09 240.812 2
Refer: 5 102 N 1 0 0 1 0 0 3
EndChar
