StartChar: uni1FDA
Encoding: 8154 8154 2389
Width: 586
Flags: HW
HStem: -8 21G<192.158 218.5 483.5 510.389> 672 20G<197.421 225.5 485 514.026>
VStem: 302 106<67.4773 555.247>
LayerCount: 2
Fore
Refer: 2388 8175 N 0.942898 -0.566521 0.566521 0.942898 -418.995 128.56 2
Refer: 984 921 N 1 0 0 1 133 0 2
EndChar
