StartChar: uni1EA7
Encoding: 7847 7847 840
Width: 477
Flags: W
HStem: 539.319 131.361
VStem: 112.22 268.561
AnchorPoint: "Bottom" 193 -15 basechar 0
LayerCount: 2
Fore
Refer: 472 58082 N 0.748341 -0.118739 0.302951 1.02151 116.735 59.0948 2
Refer: 471 58081 N 1 0 0 1 444 111 2
Refer: 0 97 N 1 0 0 1 0 0 2
EndChar
