StartChar: uni1EC1
Encoding: 7873 7873 865
Width: 478
VWidth: 0
Flags: HW
HStem: 543.319 131.361
VStem: 83.2197 268.561
AnchorPoint: "Bottom" 205 -15 basechar 0
LayerCount: 2
Fore
Refer: 94 768 S 0.813203 0.265631 0.11658 0.99705 187.645 110.515 2
Refer: 471 58081 S 1 0 0 1 445 115 2
Refer: 4 101 N 1 0 0 1 0 0 2
EndChar
