StartChar: uni1E15
Encoding: 7701 7701 793
Width: 478
VWidth: 0
Flags: HW
HStem: 573.022 80.9567<114.5 373.5>
AnchorPoint: "Bottom" 205 -15 basechar 0
LayerCount: 2
Fore
Refer: 472 58082 N 0.97466 0.223692 -0.223692 0.97466 558.563 141.064 2
Refer: 4 101 N 1 0 0 1 0 0 3
Refer: 101 772 N 1 0 0 1 415.5 -22 2
EndChar
