StartChar: uni1EB5.smcp
Encoding: 57955 57955 2309
Width: 604
Flags: HW
HStem: -8 68<38.3653 85.7676 173.998 196 417 423.311> 0 59<540.002 585.395> 148 64<221 382> 554 20G<286 359> 700 76.7188<231.897 379.386>
VStem: 153.348 305.357
AnchorPoint: "Bottom" 234 -15 basechar 0
LayerCount: 2
Fore
Refer: 105 774 N 1 0 0 1 489.5 -18 2
Refer: 100 771 N 0.994522 -0.104528 0.104528 0.994522 399.47 99.891 2
Refer: 2025 57671 N 1 0 0 1 0 0 3
EndChar
