StartChar: uni1FCB
Encoding: 8139 8139 2385
Width: 1016
Flags: W
HStem: -7 76<181 242.81 725.132 769.07> 311 68<358 774> 617 69<716.594 768.451> 623 70<890.152 933.5>
VStem: 248 110<69.0823 311 379 605.175> 769 120<385.053 613.034> 774 106<72.4788 312 379 499.728>
LayerCount: 2
Fore
Refer: 1611 8189 N 0.912345 0.614516 -0.614516 0.912345 336.556 -17.0538 2
Refer: 982 919 N 1 0 0 1 123 0 2
EndChar
