StartChar: uni1E79.pcap
Encoding: 57601 57601 1967
Width: 608
VWidth: 1159
Flags: W
HStem: -11 83<248.109 407.197> 440 64<52.3636 85.8538 190.005 215.75 428 460.266 542.153 575.38> 486 20G<569.5 577.408> 541.408 86<337.331 405.951> 588.746 85.4463<252.486 325.66>
VStem: 91 99<206.601 434.414> 180.584 294.106 458 84<126.849 434.429>
LayerCount: 2
Fore
Refer: 470 58080 N 0.988372 -0.152057 0.152057 0.988372 401.383 115.9 2
Refer: 100 771 N 1 0 0 1 498 -41 2
Refer: 663 57367 N 1 0 0 1 0 0 3
Validated: 1
EndChar
