StartChar: uni1ED3.smcp
Encoding: 57970 57970 2331
Width: 673
VWidth: 1159
Flags: W
HStem: -13 75<274.971 431.469> 497 77<238.2 401.869> 523.319 131.361
VStem: 34 117<188.562 387.446> 195.22 268.561 525 109<172.815 368.674>
LayerCount: 2
Fore
Refer: 2046 57685 N 1 0 0 1 0 0 3
Refer: 471 58081 S 1 0 0 1 527 95 2
Refer: 94 768 S 0.782905 0.269867 0.00769009 0.706185 397.834 414.569 2
Validated: 5
EndChar
