StartChar: uni1E17
Encoding: 7703 7703 795
Width: 478
VWidth: 1159
Flags: W
HStem: 565.022 80.9567<114.5 373.5>
AnchorPoint: "Bottom" 205 -15 basechar 0
LayerCount: 2
Fore
Refer: 470 58080 N 0.973841 -0.22723 0.22723 0.973841 286.635 103.832 2
Refer: 101 772 N 1 0 0 1 415.5 -22 2
Refer: 4 101 N 1 0 0 1 0 0 3
Validated: 1
EndChar
