StartChar: uni1ED3.smcp
Encoding: 57970 57970 2322
Width: 659
Flags: HW
HStem: -13 75<274.971 431.469> 497 77<238.2 401.869> 582.319 131.361
VStem: 34 117<188.562 387.446> 195.22 268.561 525 109<172.815 368.674>
LayerCount: 2
Fore
Refer: 472 58082 N 0.744613 -0.120267 0.290112 1.02808 206.072 86.0321 2
Refer: 471 58081 N 1 0 0 1 527 154 2
Refer: 2037 57685 N 1 0 0 1 0 0 3
EndChar
