StartChar: uni1EA7.pcap
Encoding: 57624 57624 1907
Width: 549
VWidth: 1159
Flags: W
HStem: -8 67<33.2113 75.9979 483.002 522> 124 66<203 336> 489 20G<246.5 325> 533.319 131.361
VStem: 150.866 268.561
LayerCount: 2
Fore
Refer: 94 768 N 0.776779 0.0750604 0.168292 0.712998 183.297 225.259 2
Refer: 643 57347 N 1 0 0 1 0 0 3
Refer: 471 58081 N 1 0 0 1 482.646 105 2
Validated: 1
EndChar
