StartChar: uni1FDB
Encoding: 8155 8155 2383
Width: 559
Flags: HW
HStem: -8 21G<196.158 222.5 487.5 514.389> 672 20G<201.421 229.5 489 518.026>
VStem: 306 106<67.4773 555.247>
LayerCount: 2
Fore
Refer: 1611 8189 N 0.912345 0.614516 -0.614516 0.912345 336.556 -17.0538 2
Refer: 984 921 N 1 0 0 1 106 0 2
EndChar
