StartChar: uni1E67.smcp
Encoding: 57916 57916 2268
Width: 482
Flags: W
HStem: -11 76<179.684 337.824> -3 21G<66 136> 502 72<192.465 332.203> 559.324 123.681 703.1 120.9<214.315 315.296>
VStem: 77 91<394.355 476.991> 129.22 268.561 202.9 123.811<714.287 812.858> 361 89<86.3815 188.788>
LayerCount: 2
Fore
Refer: 473 58083 N 1 0 0 1 461 85 2
Refer: 49 775 N 0.915765 0 0 0.911763 425.98 171.816 2
Refer: 2041 57689 N 1 0 0 1 0 0 3
EndChar
