StartChar: uni1EB1.pcap
Encoding: 57629 57629 1905
Width: 549
Flags: HW
HStem: -8 67<33.2113 75.9979 483.002 522> 124 66<203 336> 489 20G<246.5 325> 530 76.7188<213.543 361.032>
VStem: 134.994 305.357
AnchorPoint: "Bottom" 234 -15 basechar 0
LayerCount: 2
Fore
Refer: 472 58082 N 0.744613 -0.120267 0.290112 1.02808 292.072 67.0321 2
Refer: 105 774 N 1 0 0 1 461.5 -30 2
Refer: 643 57347 N 1 0 0 1 0 0 3
EndChar
