StartChar: uni1ED1.smcp
Encoding: 57969 57969 2323
Width: 659
Flags: HW
HStem: -15.858 74.9411<273.024 431.504> 491.323 76.6295<237.92 401.754> 525.319 129.361
VStem: 34.0109 116.953<183.715 382.171> 195.22 268.561 525.047 108.837<167.936 363.427>
LayerCount: 2
Fore
Refer: 470 58080 N 0.745874 0.125851 -0.313113 1.02483 720.65 131.811 2
Refer: 471 58081 N 1 0 0 1 525 156 2
Refer: 2039 57685 N 1 0 0 1 0 0 3
EndChar
