StartChar: uni1E65
Encoding: 7781 7781 851
Width: 427
Flags: HW
HStem: 630.168 132.6<162.021 272.291>
VStem: 149.556 135.2<642.437 750.547>
AnchorPoint: "Bottom" 162 -15 basechar 0
LayerCount: 2
Fore
Refer: 470 58080 N 0.948683 0.316228 -0.316228 0.948683 585.143 61.2062 2
Refer: 49 775 N 1 0 0 1 393.156 47.468 2
Refer: 18 115 N 1 0 0 1 0 0 2
EndChar
