StartChar: uni1E50
Encoding: 7760 7760 808
Width: 819
VWidth: 0
Flags: HW
HStem: -16 72<346.672 526.99> 616 73<284.654 475.048> 726 79.6085<270 581> 787.331 154.372
VStem: 46 119<261.919 449.449> 270.331 205.617 653 115<214.618 413.376>
LayerCount: 2
Fore
Refer: 40 79 N 1 0 0 1 0 0 2
Refer: 160 58021 S 1 0 0 0.92955 253 20.2738 2
Refer: 96 58019 N 0.99083 0.135113 -0.135113 0.99083 472.084 73.0376 2
Position2: "cpsp-1" dx=0 dy=0 dh=50 dv=100
EndChar
