StartChar: uni1F6E
Encoding: 8046 8046 1582
Width: 830
Flags: W
HStem: -10 21G<186.117 190.904 743.863 748.642> 0.754883 75.3525<232.163 338.381 591.783 704.981> 501.848 60.48<18.9904 74.6366> 657 49<350.08 538.066> 905.176 94.6<159.831 228.451> 957.248 93.9909<74.9862 148.16>
VStem: 3.08398 294.106 81.6304 81<571.631 639.366> 142 93<334.929 517.115> 176 40<91.9703 196.875> 700 101<323.745 498.491> 721 43<92.199 191.651>
AnchorPoint: "Top" 463 699 basechar 0
AnchorPoint: "Bottom" 459 -7 basechar 0
LayerCount: 2
Fore
Refer: 1608 8127 N 1.08 0 0 1.08 -81.2735 -15.472 2
Refer: 100 771 N 1 0 0 1.1 320.5 264.527 2
Refer: 999 937 S 1 0 0 1 99 0 2
Validated: 1
EndChar
