StartChar: uni1E79
Encoding: 7801 7801 818
Width: 563
Flags: W
HStem: 544 21G<247.784 298.255> 548.408 86<396.331 464.951> 595.746 85.4463<311.486 384.66>
VStem: 239.584 294.106
AnchorPoint: "Bottom" 256 -15 basechar 0
LayerCount: 2
Fore
Refer: 470 58080 N 0.635145 0.772393 -0.772393 0.635145 704.078 355.521 2
Refer: 100 771 N 1 0 0 1 557 -34 2
Refer: 20 117 N 1 0 0 1 0 0 2
EndChar
