StartChar: uni1EA7.smcp
Encoding: 57948 57948 2309
Width: 615
VWidth: 1159
Flags: HW
HStem: -8 68<38.3653 85.7676 173.998 196 417 423.311> 0 59<540.002 585.395> 148 64<221 382> 523.319 131.361 554 20G<286 359>
VStem: 144.22 268.561
LayerCount: 2
Fore
Refer: 2032 57671 N 1 0 0 1 0 0 3
Refer: 471 58081 N 1 0 0 1 518 141 2
Refer: 94 768 S 0.782905 0.269867 0.00769009 0.706185 346.834 336.569 2
Validated: 1
EndChar
