StartChar: uni1E52
Encoding: 7762 7762 810
Width: 818
Flags: HW
HStem: -16 72<348.672 528.99> 616 73<286.654 477.048> 710 74.0001<248 559>
VStem: 48 119<261.919 449.449> 655 115<214.618 413.376>
LayerCount: 2
Fore
Refer: 90 58018 N 0.979715 -0.200396 0.200396 0.979715 196.072 99.2589 2
Refer: 160 58021 N 1 0 0 0.92955 255 20.2738 2
Refer: 40 79 N 1 0 0 1 0 0 2
Position2: "cpsp-1" dx=0 dy=0 dh=50 dv=100
EndChar
