StartChar: uni1F0D
Encoding: 7949 7949 1469
Width: 712
VWidth: 1159
Flags: W
HStem: 499.848 60.48<90.1203 145.767>
VStem: 2.1265 81<569.631 637.366>
AnchorPoint: "Bottom" 370 -15 basechar 0
AnchorPoint: "Top" 384 699 basechar 0
LayerCount: 2
Fore
Refer: 1618 8189 S 1.08329 0.191013 -0.191013 1.08329 129.276 -26.841 2
Refer: 1616 8190 N 1.08 0 0 1.08 -65.9135 -17.472 2
Refer: 976 913 N 1 0 0 1 7 0 2
Validated: 1
EndChar
