StartChar: uni1E53.pcap
Encoding: 57582 57582 1948
Width: 591
VWidth: 1159
Flags: W
HStem: -12 77<238 380.814> 433 79<207.486 352.49> 546.022 80.9567<167.5 426.5>
VStem: 27 115<161.882 350.475> 453 105<152.614 330.102>
LayerCount: 2
Fore
Refer: 470 58080 S 0.989488 -0.144617 0.144617 0.989488 341.442 71.4691 2
Refer: 101 772 S 1 0 0 1 468.5 -41 2
Refer: 657 57361 N 1 0 0 1 0 0 3
Validated: 1
EndChar
