StartChar: uni1E4F.pcap
Encoding: 57580 57580 1937
Width: 591
Flags: W
HStem: -12 77<238 380.814> 433 79<207.486 352.49> 688.234 105.84<174.89 268.902 350.89 444.902>
VStem: 27 115<161.882 350.475> 167.716 108.36<695.268 787.069> 343.716 108.36<695.268 787.069> 453 105<152.614 330.102>
LayerCount: 2
Fore
Refer: 100 771 N 0.996195 -0.0871557 0.0871557 0.996195 422.96 -69.3163 2
Refer: 97 776 N 1 0 0 1 484.896 95.154 2
Refer: 657 57361 N 1 0 0 1 0 0 3
EndChar
