StartChar: uni2249
Encoding: 8777 8777 1522
Width: 463
VWidth: 0
UnlinkRmOvrlpSave: 1
Flags: HW
HStem: 91.0001 92.8028<249.937 327.166> 160.128 92.0583<94.7697 180.297> 256 92.8028<249.937 327.166> 325.128 92.0583<94.7697 180.297>
LayerCount: 2
Fore
Refer: 1317 8776 N 1 0 0 1 -21 0 2
Refer: 1970 58113 S 0.209471 0.449212 -0.962952 0.449032 106.765 28.3942 2
EndChar
