StartChar: uni2244
Encoding: 8772 8772 1517
Width: 533
UnlinkRmOvrlpSave: 1
Flags: HW
HStem: 139.391 89.2172<61 472> 278.076 98.7743<316.154 408.6> 373.08 98.0298<130.85 214.891>
LayerCount: 2
Fore
Refer: 1961 58113 N 0.209471 0.449212 -0.962952 0.449032 154.765 68.3942 2
Refer: 1512 8771 N 1 0 0 1 0 0 2
EndChar
