StartChar: uni2152.alt
Encoding: 58447 58447 1727
Width: 938
UnlinkRmOvrlpSave: 1
Flags: HW
HStem: -85.3162 62.348<747.015 846.778> -82.1181 55.9115<377.008 429.549 515.679 569.232> 198.266 56.3315<383.687 430.554> 199.029 61.6754<733.808 833.884> 205.407 57.7373<515.158 566.591> 263.882 55.9115<33.0077 85.5491 171.679 225.232> 544.266 56.3315<39.6868 86.5544> 551.407 57.7373<171.158 222.591>
VStem: 96.0585 68.6582<331.027 534.091> 440.058 68.6582<-14.9731 188.091> 629.143 75.7021<23.1665 169.525> 873.601 72.4395<4.73857 156.851>
LayerCount: 2
Fore
Refer: 1960 58112 N 0.197336 0.235176 -0.829881 0.696353 688.832 -29.5878 2
Refer: 937 8530 N 1 0 0 1 0 0 2
EndChar
