StartChar: uni268B
Encoding: 9867 9867 352
Width: 746
Flags: W
HStem: 11 92<30.0001 293 453 716.001>
LayerCount: 2
Fore
Refer: 351 9866 N 0.383382 0 0 1 441.499 0 2
Refer: 351 9866 N 0.383382 0 0 1 18.4986 0 2
EndChar
