StartChar: uni203B
Encoding: 8251 8251 1515
Width: 636
UnlinkRmOvrlpSave: 1
Flags: HW
HStem: -58.557 176.317<293.634 341.724> 162.443 176.317<72.6342 120.724 514.634 562.724> 385.443 176.317<293.634 341.724>
VStem: 9.67984 174.639<225.62 272.449> 230.68 174.639<4.62 51.4493 448.62 495.449> 451.68 174.639<225.62 272.449>
LayerCount: 2
Fore
Refer: 1970 58113 N -0.353553 0.353553 -0.707107 -0.707107 493.777 72.2233 2
Refer: 1970 58113 N 0.353553 0.353553 -0.707107 0.707107 140.223 72.2233 2
Refer: 48 46 N 1 0 0 1 209 -30 2
Refer: 48 46 N 1 0 0 1 430 191 2
Refer: 48 46 N 1 0 0 1 -12 191 2
Refer: 48 46 N 1 0 0 1 209 414 2
EndChar
