StartChar: uni2189.alt
Encoding: 58448 58448 1728
Width: 644
UnlinkRmOvrlpSave: 1
Flags: HW
HStem: -99.1979 53.0847<410.037 479.931> 54.49 49.1185<462.99 491.11> 191.825 70.4847<439.892 523.325> 260.684 62.348<142.015 241.778> 545.029 61.6754<128.808 228.884>
VStem: 24.1428 75.7021<369.166 515.525> 268.601 72.4395<350.739 502.851> 524.166 85.3361<132.962 190.966> 536.193 91.9003<-4.82819 67.3874>
LayerCount: 2
Fore
Refer: 1960 58112 N 0.197336 0.235176 -0.829881 0.696353 83.8321 316.412 2
Refer: 1419 8585 N 1 0 0 1 0 0 2
EndChar
