StartChar: uni2249
Encoding: 8777 8777 1515
Width: 533
UnlinkRmOvrlpSave: 1
Flags: HW
HStem: 65.0762 98.7743<295.154 387.6> 160.08 98.0298<109.85 193.891> 271.076 98.7743<295.154 387.6> 366.08 98.0298<109.85 193.891>
LayerCount: 2
Fore
Refer: 1310 8776 N 1 0 0 1 -21 0 2
Refer: 1961 58113 N 0.209471 0.449212 -0.962952 0.449032 139.765 39.3942 2
EndChar
