StartChar: uni2244
Encoding: 8772 8772 1524
Width: 463
UnlinkRmOvrlpSave: 1
Flags: HW
HStem: 110.391 89.2172<34 428> 231 92.8028<270.937 348.166> 300.128 92.0583<115.77 201.297>
LayerCount: 2
Fore
Refer: 1970 58113 N 0.209471 0.449212 -0.962952 0.449032 116.765 20.3942 2
Refer: 1519 8771 N 1 0 0 1 0 0 2
EndChar
