StartChar: uni266F
Encoding: 9839 9839 1436
Width: 277
UnlinkRmOvrlpSave: 1
Flags: HW
LayerCount: 2
Fore
Refer: 1963 58115 N 0.237 0.0632863 0 1.54545 22 208.357 2
Refer: 1963 58115 N 0.237 0.0632863 0 1.54545 22 465.357 2
Refer: 1961 58113 N 0 -0.724 0.9375 0 80 714 2
Refer: 1961 58113 N 0 -0.724 0.9375 0 203 740 2
EndChar
