StartChar: uni26A6
Encoding: 9894 9894 1536
Width: 761
UnlinkRmOvrlpSave: 1
Flags: HW
HStem: 65.7031 67.7646<217.324 363.524> 517.996 63.3008<200.017 342.477>
VStem: 25.5127 97.5889<238.909 431.364> 439.053 96.4736<222.423 414.843>
LayerCount: 2
Back
Refer: 1962 58114 N -0.147841 0.17619 -0.666126 -0.558946 540.921 295.905 2
Refer: 1962 58114 N 0.17619 0.147841 -0.558946 0.666126 406.905 333.079 2
Refer: 1524 9898 N 1 0 0 1 -0.480469 -85 2
Refer: 1528 8963 N 0.559225 -0.666459 0.666459 0.559225 121.738 280.883 2
Fore
Refer: 1962 58114 N -0.196629 0.234333 -0.666126 -0.558946 612.315 421.834 2
Refer: 1962 58114 N 0.17619 0.147841 -0.558946 0.666126 445.905 480.079 2
Refer: 1524 9898 N 1 0 0 1 0.519531 71 2
Refer: 1528 8963 N 0.559225 -0.666459 0.666459 0.559225 180.738 445.883 2
EndChar
