StartChar: uni26A8
Encoding: 9896 9896 2369
Width: 559
UnlinkRmOvrlpSave: 1
Flags: HW
HStem: -120.297 67.7646<216.324 362.524> 331.996 63.3008<199.017 341.477>
VStem: 24.5127 97.5889<52.9094 245.364> 438.053 96.4736<36.4234 228.843>
LayerCount: 2
Fore
Refer: 1962 58114 S -0.3059 -2.75645e-08 -8.2442e-08 -0.869566 433.974 444.711 2
Refer: 1962 58114 N -2.75645e-08 0.23 -0.869566 6.19865e-08 281.403 369.944 2
Refer: 1524 9898 N 1 0 0 1 -0.480469 -115 2
Refer: 1528 8963 N 0.87 -3.83861e-07 3.83861e-07 0.87 138.086 135.943 2
EndChar
