StartChar: uni205C
Encoding: 8284 8284 2366
Width: 596
UnlinkRmOvrlpSave: 1
Flags: HW
HStem: -21.9632 176.317<94.0996 142.189> -21.6703 176.317<457.649 505.739> 343.587 176.317<457.649 505.739> 344.001 176.317<91.9781 140.068>
VStem: 29.0237 174.639<407.178 454.007> 31.1452 174.639<41.2138 88.0431> 394.695 174.639<41.5067 88.336 406.764 453.593>
LayerCount: 2
Fore
Refer: 1961 58113 N -0.574999 3.92481e-017 -9.02707e-017 -1 585.5 248.172 2
Refer: 1961 58113 N 3.92481e-017 0.574999 -1 9.02707e-017 298 -39.3286 2
Refer: 48 46 N 1 0 0 1 373.015 6.8867 2
Refer: 48 46 N 1 0 0 1 373.015 372.144 2
Refer: 48 46 N 1 0 0 1 9.4654 6.5938 2
Refer: 48 46 N 1 0 0 1 7.3439 372.558 2
EndChar
