StartChar: uniE2F3
Encoding: 58099 58099 2506
Width: 591
VWidth: 1159
Flags: HW
HStem: -12 77<238 380.814> 433 79<207.486 352.49> 688.234 105.84<174.89 268.902 350.89 444.902>
VStem: 27 115<161.882 350.475> 167.716 108.36<695.268 787.069> 343.716 108.36<695.268 787.069> 453 105<152.614 330.102>
AnchorPoint: "Top" 304 537 mark 0
LayerCount: 2
Fore
Refer: 100 771 N 0.996195 -0.0871557 0.0871557 0.996195 422.96 -69.3163 2
Refer: 97 776 N 1 0 0 1 484.896 95.154 2
EndChar
