StartChar: uniE2CA
Encoding: 58058 58058 2537
Width: 733
VWidth: 0
Flags: HW
HStem: 658.447 78.834<284.023 454.147> 728.331 154.372
VStem: 207.331 205.617 210.765 317.471
AnchorPoint: "Top" 384 679 mark 0
LayerCount: 2
Fore
Refer: 96 58019 N 0.873529 -0.000644245 -0.00523702 0.910792 368.098 107.749 2
Refer: 162 58023 N 1 0 0 1 222 -75 2
EndChar
