StartChar: zdotaccent.smcp
Encoding: 57788 57788 2142
Width: 593
Flags: HW
HStem: -5.06965 21G<47.3257 78.7403> 2.37918 70.163<208.962 483.564> 489.069 75.1379<122.862 415.467> 744.175 109.65<264.002 360.998>
VStem: 256.6 111.8<751.462 846.568>
LayerCount: 2
Fore
Refer: 49 775 N 1 0 0 1 484 42 2
Refer: 2050 57696 N 1 0 0 1 0 0 3
EndChar
