StartChar: zero.proportionalliningalt
Encoding: 58421 58421 1720
Width: 573
UnlinkRmOvrlpSave: 1
Flags: W
HStem: -12 82<232.721 356.884> 579 77<221.738 343.845>
VStem: 51 85<203.15 462.97> 440 82<191.854 452.95>
LayerCount: 2
Fore
Refer: 1961 58113 N 0.263595 0.349802 -0.748721 0.564202 155.203 152.099 2
Refer: 901 58388 N 1 0 0 1 0 0 2
EndChar
