StartChar: zero.numeratoralt
Encoding: 58426 58426 1725
Width: 366
UnlinkRmOvrlpSave: 1
Flags: W
HStem: 260.684 62.348<142.015 241.778> 545.029 61.6754<128.808 228.884>
VStem: 24.1428 75.7021<369.166 515.525> 268.601 72.4395<350.739 502.851>
LayerCount: 2
Fore
Refer: 1960 58112 N 0.197336 0.235176 -0.829881 0.696353 83.8321 316.412 2
Refer: 922 58408 N 1 0 0 1 0 0 2
EndChar
