StartChar: zero.tabularliningalt
Encoding: 58423 58423 1731
Width: 533
VWidth: 1159
UnlinkRmOvrlpSave: 1
Flags: HW
HStem: -12 82<187.667 292.566> 579 77<173.624 279.304>
VStem: 16 85<193.849 468.748> 365 82<179.55 461.828>
LayerCount: 2
Fore
Refer: 1970 58113 N 0.263595 0.349802 -0.748721 0.564202 135.203 152.099 2
Refer: 682 58378 N 1 0 0 1 0 0 2
EndChar
