StartChar: zero.denomalt
Encoding: 58427 58427 1726
Width: 366
UnlinkRmOvrlpSave: 1
Flags: W
HStem: -85.3162 62.348<142.015 241.778> 199.029 61.6754<128.808 228.884>
VStem: 24.1428 75.7021<23.1665 169.525> 268.601 72.4395<4.73857 156.851>
LayerCount: 2
Fore
Refer: 1960 58112 N 0.197336 0.235176 -0.829881 0.696353 83.8321 -29.5878 2
Refer: 912 58398 N 1 0 0 1 0 0 2
EndChar
