StartChar: zero.tabularliningalt
Encoding: 58423 58423 1722
Width: 533
UnlinkRmOvrlpSave: 1
Flags: HW
HStem: -12 82<219.355 333.625> 579 77<205.181 317.353>
VStem: 41 85<196.539 468.748> 410 82<185.672 455.689>
LayerCount: 2
Fore
Refer: 1961 58113 N 0.263595 0.349802 -0.748721 0.564202 135.203 152.099 2
Refer: 682 58378 N 1 0 0 1 0 0 2
EndChar
