StartChar: zero.denomalt
Encoding: 58427 58427 1735
Width: 366
UnlinkRmOvrlpSave: 1
Flags: HW
HStem: -89.5527 62.8281<143.712 240.261> 202.271 62.0498<131.073 228.176>
VStem: 25.4316 77.7295<21.242 171.01> 267.127 74.4727<-0.149764 158.569>
LayerCount: 2
Fore
Refer: 1969 58112 N 0.197336 0.235176 -0.829881 0.696353 83.8321 -29.5878 2
Refer: 912 58398 N 1 0 0 1 0 0 2
EndChar
