StartChar: zero.proportionalliningalt
Encoding: 58421 58421 1729
Width: 499
VWidth: 1159
UnlinkRmOvrlpSave: 1
Flags: W
HStem: -12 82<207.667 312.566> 579 77<193.624 299.304>
VStem: 36 85<193.849 468.748> 385 82<179.55 461.828>
LayerCount: 2
Fore
Refer: 1970 58113 S 0.263595 0.349802 -0.748721 0.564202 118.203 152.099 2
Refer: 901 58388 N 1 0 0 1 0 0 2
EndChar
