StartChar: zerothirds.afrcalt
Encoding: 58450 58450 1730
Width: 533
UnlinkRmOvrlpSave: 1
Flags: W
HStem: -13 53<179 250.613> 110 50<240 262.527> 215 67<197.132 271.237> 314.875 54.25<69 463> 415.81 58.0342<227.981 327.622> 632.84 58.3115<212.774 312.266>
VStem: 124.54 73.6611<504.905 617.642> 272 81<171.381 238> 283 85<68.26 117.528> 341.659 70.3408<488.272 603.813>
LayerCount: 2
Fore
Refer: 1960 58112 N 0.177136 0.203772 -0.75471 0.656059 179.432 451.114 2
Refer: 1418 58446 N 1 0 0 1 0 0 2
EndChar
