StartChar: uni023B
Encoding: 571 571 1770
Width: 743
VWidth: 1159
UnlinkRmOvrlpSave: 1
Flags: HW
HStem: -9 42<347.099 553.906> 659 40<323.855 545.759>
VStem: 43 103<245.223 465.81> 633 33<522.188 588.436> 673 27<150.932 169.074>
LayerCount: 2
Fore
Refer: 1970 58113 N 0.512153 0.819214 -0.901492 0.563039 223.423 -68.1662 2
Refer: 28 67 N 1 0 0 1 0 0 2
EndChar
