StartChar: uni1EBE
Encoding: 7870 7870 860
Width: 619
VWidth: 0
Flags: HW
HStem: -9 35<25 70.5829> 3.06988 37.3024<200.897 461.73> 333 36<174 442.393> 656 31<17 77.489>
VStem: 91 93<372.534 637.287> 95.7878 78.2122<90.4624 333 369 602.188> 466 36<247.75 305.348 393.846 441.094> 507 30<536 617.59> 567 28<152.034 171.75>
AnchorPoint: "Bottom" 327 -15 basechar 0
LayerCount: 2
Fore
Refer: 30 69 N 1 0 0 1 0 0 2
Refer: 159 58020 S 1 0 0 1 159 -26 2
Refer: 90 58018 S 0.722277 -0.0866812 -0.0866812 0.857723 424.585 162.269 2
Position2: "cpsp-1" dx=0 dy=0 dh=50 dv=100
EndChar
