StartChar: uni1ED3.pcap
Encoding: 57646 57646 1917
Width: 568
VWidth: 1159
Flags: HW
HStem: -5 37<240.993 370.228> 378 35<202.127 322.544> 465.319 133.361
VStem: 56 78<146.969 286.001> 160.22 252.561 428 84<111.049 270.5>
LayerCount: 2
Fore
Refer: 94 768 S 0.782905 0.269867 0.00769009 0.706185 364.834 334.569 2
Refer: 657 57361 N 1 0 0 1 0 0 3
Refer: 471 58081 S 1 0 0 1 494 15 2
EndChar
