StartChar: uni1F0A
Encoding: 7946 7946 1466
Width: 727
VWidth: 1159
Flags: HW
HStem: -10 37<497.198 538.465 662.751 712.047> 245 42<259 449.657> 518.048 23.76<9.19087 55.8395> 652.832 79.92<35.1125 80.0645> 692 20<370 417.5>
VStem: 88.0309 48.6<558.997 638.051> 372 43<632.023 712>
DStem2: 118 80 176 87 0.391141 0.920331<-3.53261 211.909 245.659 524.174> 429 642 487 236 0.354654 -0.934998<388.302 400.179 571.058 597.203>
AnchorPoint: "Bottom" 375 -15 basechar 0
AnchorPoint: "Top" 389 699 basechar 0
LayerCount: 2
Fore
Refer: 2396 8175 S 1.08329 -0.191013 0.191013 1.08329 -28.2958 112.955 2
Refer: 1608 8127 N 1.08 0 0 1.08 -107.273 -15.472 2
Refer: 976 913 N 1 0 0 1 22 0 2
EndChar
