StartChar: uni1EB6
Encoding: 7862 7862 823
Width: 705
VWidth: 0
Flags: HW
HStem: -176 108<307.142 396.858> -10 37<475.198 516.465 640.751 690.047> 245 42<237 427.657> 692 20<348 395.5>
VStem: 297 110<-166.007 -77.954> 350 43<632.023 712>
DStem2: 96 80 154 87 0.391141 0.920331<-3.53261 211.909 245.659 524.174> 407 642 465 236 0.354654 -0.934998<388.302 400.179 571.058 597.203>
LayerCount: 2
Fore
Refer: 162 58023 S 1 0 0 1 205 0 2
Refer: 721 7840 N 1 0 0 1 0 0 3
Position2: "cpsp-1" dx=0 dy=0 dh=50 dv=100
EndChar
