StartChar: uni1E87
Encoding: 7815 7815 626
Width: 657
VWidth: 0
Flags: HW
HStem: 371 30<5 41 152 191 245 282 383 442 510 554> 527 102<281.089 365.911>
VStem: 271.5 104<536.438 619.599>
DStem2: 208 109 254 128 0.453531 0.891241<1.73782 195.326> 447 95 321 271 0.269208 -0.963082<-202.488 0> 447 95 497 128 0.445318 0.895373<0.637142 266.408>
LayerCount: 2
Fore
Refer: 49 775 N 1 0 0 1 521.5 76 2
Refer: 22 119 N 1 0 0 1 0 0 3
EndChar
