StartChar: uni2152
Encoding: 8530 8530 937
Width: 971
VWidth: 0
Flags: HW
HStem: -86 28<759.77 841.217> -84 22<379 425.242 514.125 566> 231 29<734.227 820.365> 234 19<386 430.757> 243 20<528.979 562.7> 262 22<35 81.2419 170.125 222> 580 19<42 86.7566> 589 20<184.979 218.7>
VStem: 103 55<294.973 574.375> 447 55<-51.0271 228.375> 635 65<2.83811 174.204> 872 69<-5.81921 179.995>
LayerCount: 2
Fore
Refer: 942 8543 N 1 0 0 1 0 0 2
Refer: 912 58398 N 1 0 0 1 605 0 2
Refer: 913 58399 N 1 0 0 1 344 0 2
Substitution2: "'zero' Slashed Zero lookup 22-1" uni2152.alt
Position2: "'lnum-2' vertical adjustment" dx=0 dy=80 dh=0 dv=0
EndChar
