StartChar: acutecombhigh
Encoding: 65557 -1 471
Width: 0
VWidth: 1159
Flags: W
LayerCount: 2
Fore
Refer: 93 769 N 0.86012 -0.45148 0.351495 0.861865 -213.638 5.65668 2
Validated: 1
EndChar
