StartChar: afii10079
Encoding: 1085 1085 1118
Width: 524
VWidth: 1159
Flags: W
HStem: -9.52734 21<344.397 368.917> -7.95996 23.0508<22.1693 43.5435 155.361 187.797 473.01 498.587> 186.323 27.501<141.585 390.307> 378.489 24.8721<23.1371 58.1347 155.834 192.389 343.337 374.007>
LayerCount: 2
Fore
Refer: 652 -1 N 1 0 0 1 -30 0 2
Validated: 1
EndChar
