StartChar: asciicircum
Encoding: 94 94 900
Width: 462
VWidth: 1159
Flags: W
LayerCount: 2
Fore
Refer: 94 770 N 1.34729 0 0.0599118 1.71565 466.89 -346.583 2
Validated: 1
EndChar
