StartChar: numbersign
Encoding: 35 35 336
Width: 533
UnlinkRmOvrlpSave: 1
Flags: HW
LayerCount: 2
Fore
Refer: 1461 58113 N -0.0668773 -0.634 1.06635 0 387.939 634 2
Refer: 1461 58113 N -0.0668773 -0.634 1.06635 0 211.939 634 2
Refer: 1463 58115 N -0.383554 -0.0289243 -0.0901366 -1.03145 472.382 459.962 2
Refer: 1463 58115 N -0.383554 -0.0289243 -0.0901366 -1.03145 444.601 195.962 2
EndChar
