StartChar: uni01DC
Encoding: 476 476 744
Width: 545
VWidth: 0
Flags: HW
HStem: -18 56<294.047 386.116> -10 70<85.5471 175.547> 341 75<126.547 185.547> 387 20G<438.047 445.547> 484.67 84.66<243.044 302.177 419.044 478.178>
VStem: 229.275 86.6727<498.388 555.612> 405.275 86.6727<498.388 555.612>
LayerCount: 2
Fore
Refer: 95 768 S 0.86012 0.45148 -0.351495 0.861865 606.055 283.031 2
Refer: 98 776 N 1 0 0 1 469.047 42 2
Refer: 20 117 N 1 0 0 1 0 0 3
Substitution2: "case-1" uni01DB
EndChar
