StartChar: uni1E35
Encoding: 7733 7733 560
Width: 470
VWidth: 0
Flags: W
HStem: -133.4 49.2002<234.316 482.659> -6 21G<0.831055 3.33105> 372.562 46.4375<251.198 342.797> 661 28<74.5811 116.443> 749 20G<215.331 254.331>
VStem: 0.331055 70<-5 81.6634> 223.858 269.259 320.23 68.0957<292.691 368.052>
LayerCount: 2
Fore
Refer: 533 817 N 1 0 0 1 455.331 0 2
Refer: 10 107 N 1 0 0 1 0 0 3
EndChar
