StartChar: uni1F12
Encoding: 7954 7954 1215
Width: 417
VWidth: 1043
Flags: HW
HStem: 496.42 200.07
VStem: 95.082 131.469
AnchorPoint: "Bottom" 228.578 -15 basechar 0
LayerCount: 2
Fore
Refer: 95 768 S 0.984808 -0.173648 0.173648 0.984808 452.326 22.957 2
Refer: 112 787 S 1 0 0 1 330.578 51 2
Refer: 1035 949 N 1 0 0 1 0 0 3
EndChar
