StartChar: uni1F03
Encoding: 7939 7939 1160
Width: 538
VWidth: 1043
UnlinkRmOvrlpSave: 1
Flags: HW
HStem: 491.2 201.6
VStem: 174.683 112.8
AnchorPoint: "Bottom" 228.578 -15 basechar 0
LayerCount: 2
Fore
Refer: 721 788 N 1 0 0 1 402.578 51 2
Refer: 1031 945 N 1 0 0 1 0 0 3
Refer: 95 768 N 0.984808 -0.173648 0.173648 0.984808 449.326 22.957 2
EndChar
