StartChar: uni1FCD
Encoding: 8141 8141 1392
Width: 304
VWidth: 1043
Flags: HW
HStem: 496.42 200.07
VStem: 8.08205 131.469
LayerCount: 2
Fore
Refer: 112 787 N 1 0 0 1 243.578 51 2
Refer: 95 768 N 0.984808 -0.173648 0.173648 0.984808 365.326 22.957 2
EndChar
