StartChar: uni1E51
Encoding: 7761 7761 836
Width: 422
VWidth: 0
Flags: W
HStem: -10 65<168.926 252.853> 433 74<222.578 317.617> 495.6 49.2002<237.865 486.208>
VStem: 25.9262 109.074<94.5032 295.923> 227.407 269.259 345 108.83<201.003 404.137>
LayerCount: 2
Fore
Refer: 14 111 N 1 0 0 1 0 0 2
Refer: 95 768 S 0.86012 0.45148 -0.351495 0.861865 626.888 283.031 2
Refer: 102 772 N 1 0 0 1 458.88 49 2
EndChar
