StartChar: uniE435
Encoding: 58421 58421 1534
Width: 573
Flags: W
HStem: -12 82<207.667 312.566> 579 77<193.624 299.304>
VStem: 36 85<193.849 468.748> 385 82<179.55 461.828>
LayerCount: 2
Fore
Refer: 1461 58113 S 0.342673 0.454743 -0.748721 0.564202 185.664 99.6287 2
Refer: 1501 58388 N 1 0 0 1 0 0 2
EndChar
