StartChar: uniE43A
Encoding: 58426 58426 1539
Width: 366
Flags: HW
HStem: 256.447 62.8281<143.712 240.261> 548.271 62.0498<131.073 228.176>
VStem: 25.4316 77.7295<367.242 517.01> 267.127 74.4727<345.85 504.569>
LayerCount: 2
Fore
Refer: 1460 58112 S 0.197336 0.235176 -0.829881 0.696353 121.832 316.412 2
Refer: 1521 58408 N 1 0 0 1 0 0 2
EndChar
