StartChar: Aringacute
Encoding: 506 506 2300
Width: 733
UnlinkRmOvrlpSave: 1
Flags: HW
HStem: 627.828 55.8701<337.188 428.737> 757.552 134.448 795.892 55.8691<338.263 429.812>
VStem: 269.339 56.0625<695.311 783.265> 441.599 56.0625<696.324 783.018> 508.163 197.837
LayerCount: 2
Fore
Refer: 16 58080 N 0.819097 0.119231 -0.179984 0.982184 771.737 187.843 2
Refer: 2299 197 N 1 0 0 1 0 0 3
Position2: "cpsp-1" dx=0 dy=0 dh=50 dv=100
EndChar
