StartChar: Aringacute
Encoding: 506 506 708
Width: 733
VWidth: 0
UnlinkRmOvrlpSave: 1
Flags: HW
HStem: 627.828 55.8701<335.188 426.737> 757.552 134.448 795.892 55.8691<336.263 427.812>
VStem: 267.339 56.0625<695.311 783.265> 439.599 56.0625<696.324 783.018> 506.163 197.837
LayerCount: 2
Fore
Refer: 470 58080 N 0.819097 0.119231 -0.179984 0.982184 769.737 187.843 2
Refer: 173 197 N 1 0 0 1 0 0 3
Position2: "cpsp-1" dx=0 dy=0 dh=50 dv=100
EndChar
