StartChar: Kreska
Encoding: 57997 57997 1193
Width: 140
VWidth: 1159
Flags: W
LayerCount: 2
Fore
Refer: 92 769 S 0.802213 0.479836 -0.691739 0.608868 623.502 492.28 2
Validated: 1
EndChar
