StartChar: Uni0308
Encoding: 58024 58024 163
Width: 298
VWidth: 1159
Flags: HW
HStem: 760.429 89.1424<14.5415 93.4585 206.541 285.459>
VStem: 8.51933 90.9613<766.353 843.671> 200.519 90.9613<766.353 843.671>
AnchorPoint: "Top" 150 699 mark 0
LayerCount: 2
Fore
Refer: 2358 57345 N 1.05769 0 0 1.03654 246 805 2
Refer: 2358 57345 N 1.05769 0 0 1.03654 54 805 2
EndChar
