StartChar: aringacute.smcp
Encoding: 57825 57825 2184
Width: 615
VWidth: 1159
Flags: HW
HStem: -2.6859 65.8302<39.4664 85.8686 174.981 196.891 416.399 422.148 539.359 583.841> 148.372 64.0879<221.445 381.745> 553.984 20G<285.857 358.915> 687 53.6064<258.315 341.529> 840.864 51.6064<258.875 342.076>
VStem: 196.28 53.2266<749.785 831.198> 351.493 50.2266<750.75 831.026>
LayerCount: 2
Fore
Refer: 2030 57671 N 1 0 0 1 0 0 3
Refer: 98 778 S 1 0 0 1 476.5 125 2
Refer: 470 58080 S 0.745874 0.0958213 -0.313113 0.780289 607.65 380.825 2
EndChar
