StartChar: aringacute
Encoding: 507 507 709
Width: 442
Flags: HW
HStem: 534 53.6064<203.315 286.529> 687.864 51.6064<203.875 287.076>
VStem: 141.28 53.2266<596.785 678.198> 296.493 50.2266<597.75 678.026>
LayerCount: 2
Fore
Refer: 470 58080 N 0.745874 0.0958213 -0.313113 0.780289 659.65 252.825 2
Refer: 98 778 N 1 0 0 1 421.5 -28 2
Refer: 0 97 N 1 0 0 1 0 0 3
EndChar
