StartChar: aringacute.pcap
Encoding: 57501 57501 1811
Width: 549
VWidth: 1159
Flags: HW
HStem: -5.05566 64.1494<482.002 521> 124 66<203 336> 489.31 20G<250.267 325.404> 589 53.6064<241.961 325.175> 742.864 51.6064<242.521 325.722>
VStem: 179.926 53.2266<651.785 733.198> 335.139 50.2266<652.75 733.026>
LayerCount: 2
Fore
Refer: 470 58080 S 0.745874 0.0958213 -0.313113 0.780289 591.296 282.825 2
Refer: 98 778 S 1 0 0 1 460.146 27 2
Refer: 643 57347 N 1 0 0 1 0 0 3
EndChar
