StartChar: clickalveolar.pcap
Encoding: 57472 57472 1745
Width: 378
VWidth: 1515
UnlinkRmOvrlpSave: 1
Flags: W
HStem: 118.131 65.739<60 318> 304.131 65.739<60 318>
LayerCount: 2
Fore
Refer: 1969 58114 S 0.258 0 0 1.17391 60 337 2
Refer: 1969 58114 N 0.258 0 0 1.17391 60 151 2
Refer: 1742 57470 N 1 0 0 1 90 0 2
EndChar
