StartChar: clickalveolar.pcap
Encoding: 57472 57472 236
Width: 378
UnlinkRmOvrlpSave: 1
Flags: HW
HStem: 132 58.0006<60 318> 318 58.0006<60 318>
LayerCount: 2
Fore
Refer: 510 58114 N 0.258 0 0 1.00001 60 347 2
Refer: 510 58114 N 0.258 0 0 1.00001 60 161 2
Refer: 238 57470 N 1 0 0 1 90 0 2
EndChar
