StartChar: eth.smcp
Encoding: 57713 57713 2074
Width: 670
VWidth: 1159
Flags: W
HStem: -3.67062 68.9718<63.4495 120.044 236.635 427.406> 215.875 61.25<50 302> 503.517 58.7863<62.1047 116.26 229.07 328.09> 504.09 69.8393<230.05 420.033>
VStem: 120.737 105.949<82.7703 501.275> 541.373 105.174<174.526 386.09>
LayerCount: 2
Fore
Refer: 2033 57674 N 1 0 0 1 0 0 3
Refer: 1968 58113 S 0.252 0 0 1.09375 50 246.5 2
Validated: 5
EndChar
