StartChar: logicalnot
Encoding: 172 172 1210
Width: 463
VWidth: 0
UnlinkRmOvrlpSave: 1
Flags: W
HStem: 184.131 65.739<34 443>
LayerCount: 2
Fore
Refer: 1969 58114 N 0 -0.17 0.982553 0 405.663 244 2
Refer: 330 8722 N 1.03807 0 0 1 -1.29442 0 2
Position2: "'case' vertical ajustments for all-caps-1" dx=0 dy=90 dh=0 dv=0
EndChar
