StartChar: lslash.smcp
Encoding: 57759 57759 2119
Width: 582
VWidth: 1159
Flags: W
HStem: -13.8627 21G<512.095 532.789> -4.47309 74.6567<62.0581 108.259> 3.00066 70.633<219.138 459.311> 501.252 71.2352<214.811 283.26>
VStem: 109.293 105.055<73.5735 494.152> 484.304 70.7327<90.2739 147.591>
LayerCount: 2
Fore
Refer: 2041 57682 N 1 0 0 1 0 0 3
Refer: 321 823 N 0.709271 -0.575775 -0.121585 0.904865 378.942 -88.722 2
Validated: 5
EndChar
