StartChar: male
Encoding: 9794 9794 509
Width: 660
UnlinkRmOvrlpSave: 1
Flags: HW
HStem: -7.4004 48.1006<187.834 329.699> 363.9 44.5<171.609 312.908>
VStem: 43.8691 65.7002<126.333 296.786> 390.37 64.8008<109.678 279.972>
LayerCount: 2
Fore
Refer: 510 58114 N 0.17619 0.147841 -0.558946 0.666126 367.905 300.079 2
Refer: 2045 8963 N 0.559225 -0.666459 0.666459 0.559225 82.7375 247.883 2
Refer: 2080 9898 N 1 0 0 1 -0.480469 -85 2
EndChar
