StartChar: ncommaaccent.smcp
Encoding: 57761 57761 2121
Width: 735
VWidth: 1159
Flags: W
HStem: -177.1 149 -6.88277 84.9004<74.5567 119.998> 498.7 76.3089<490.262 560.382 647.246 690.43>
VStem: 125.061 79.3651<78.8518 390.416> 290 102<-122.261 -42.3> 565.365 71.2891<194.492 318.327> 568.438 78.1696<5.81031 35.8775 243.875 488.095>
LayerCount: 2
Fore
Refer: 275 806 N 1 0 0 1 526 0 2
Refer: 2043 57684 N 1 0 0 1 0 0 3
Validated: 1
EndChar
