StartChar: nkreska.smcp
Encoding: 58014 58014 2366
Width: 735
VWidth: 1159
Flags: W
HStem: -6.88277 84.9004<74.5567 119.998> 498.7 76.3089<490.262 560.382 647.246 690.43>
VStem: 125.061 79.3651<78.8518 390.416> 565.365 71.2891<194.492 318.327> 568.438 78.1696<5.81031 35.8775 243.875 488.095>
LayerCount: 2
Fore
Refer: 1192 57996 N 1 0 0 1 300 73 2
Refer: 2043 57684 N 1 0 0 1 0 0 3
Validated: 1
EndChar
