StartChar: numbersign
Encoding: 35 35 335
Width: 463
VWidth: 0
UnlinkRmOvrlpSave: 1
Flags: W
LayerCount: 2
Fore
Refer: 1968 58113 N -0.0668773 -0.634 1.06635 0 344.939 634 2
Refer: 1968 58113 N -0.0668773 -0.634 1.06635 0 187.939 634 2
Refer: 1970 58115 N -0.32005 -0.0289243 -0.0901539 -1.03145 407.025 459.962 2
Refer: 1970 58115 N -0.32005 -0.0289243 -0.0901539 -1.03145 380.025 195.962 2
EndChar
