StartChar: onetenth.afrcalt
Encoding: 58449 58449 1736
Width: 533
VWidth: 1159
UnlinkRmOvrlpSave: 1
Flags: HW
HStem: -1.19043 58.0342<23.9336 54.0959 280.165 365.999> 215.84 58.3115<30.5518 57.8697 266.326 353.551> 314.875 54.25<34 428> 416 56.0625<151.934 193.972 274.939 319.932> 632.525 56.2988<158.552 197.816> 639.6 56.3701<276.169 316.347>
VStem: 63.8877 65.4014<62.7293 207.134> 183.54 69.6611<84.652 203.506> 203.888 65.4014<480.729 625.134> 378.659 66.3408<68.3617 190.008>
LayerCount: 2
Fore
Refer: 1967 58112 N 0.158766 0.18264 -0.75471 0.656059 292.617 43.6801 2
Refer: 1424 58445 N 1 0 0 1 0 0 2
EndChar
