StartChar: similar
Encoding: 8764 8764 1521
Width: 463
VWidth: 0
Flags: W
HStem: 179.276 84.5838<291.937 369.166> 242.281 83.9053<136.77 222.297>
LayerCount: 2
Fore
Refer: 339 126 N 1.15856 0 0 0.907103 3.25301 3.44817 2
Validated: 1
EndChar
