StartChar: uni023B
Encoding: 571 571 1768
Width: 732
VWidth: 1159
UnlinkRmOvrlpSave: 1
Flags: W
HStem: -16 56<307.203 538.098> 632 56<286.57 553.553>
VStem: 43 56<215.879 444.931> 607 52<491.378 596.716> 636 53<131.551 187.717>
LayerCount: 2
Fore
Refer: 1968 58113 N 0.512153 0.819214 -0.901492 0.563039 223.423 -68.1662 2
Refer: 28 67 N 1 0 0 1 0 0 2
EndChar
