StartChar: uni01B6
Encoding: 438 438 1760
Width: 592
VWidth: 1159
UnlinkRmOvrlpSave: 1
Flags: W
HStem: 222.539 60.4625<124 478>
LayerCount: 2
Fore
Refer: 441 821 N 1.18792 0 0 0.90921 511.262 -226.383 2
Refer: 25 122 N 1 0 0 1 0 0 2
EndChar
