StartChar: uni0247
Encoding: 583 583 2005
Width: 464
VWidth: 1159
Flags: W
LayerCount: 2
Fore
Refer: 1968 58113 N 0.266033 0.510192 -0.832446 0.432622 75.4837 -55.0962 2
Refer: 4 101 N 1 0 0 1 0 0 2
Validated: 5
EndChar
