StartChar: uni0230
Encoding: 560 560 790
Width: 819
VWidth: 0
Flags: W
HStem: -15 56<293.35 522.401> 634 56<299.12 515.308> 721.548 85.5038<364.596 451.404> 845.464 52.213<254 565>
VStem: 46 56<221.25 442.054> 357.971 100.058<727.23 801.393> 712 56<223.429 440.074>
LayerCount: 2
Fore
Refer: 40 79 N 1 0 0 1 0 0 3
Refer: 164 58025 N 1 0 0 0.870368 330 63.6536 2
Refer: 160 58021 S 1 0 0 0.890112 261 157.875 2
Validated: 1
Position2: "cpsp-1" dx=0 dy=0 dh=50 dv=100
EndChar
