StartChar: uni01E0
Encoding: 480 480 784
Width: 733
Flags: HW
HStem: 675 106.076<317.206 447.294> 797.096 63.8595<229 540>
VStem: 302.5 159.5<684.815 771.3>
LayerCount: 2
Fore
Refer: 160 58021 N 1 0 0 0.954658 235 66.5511 2
Refer: 164 58025 N 1.31818 0 0 0.892892 279.432 25.296 2
Refer: 26 65 N 1 0 0 1 0 0 3
Position2: "cpsp-1" dx=0 dy=0 dh=50 dv=100
EndChar
