StartChar: uni01B6
Encoding: 438 438 859
Width: 550
UnlinkRmOvrlpSave: 1
Flags: HW
HStem: 222.539 60.4625<96 450>
LayerCount: 2
Fore
Refer: 1121 821 N 1.18792 0 0 0.90921 483.262 -226.383 2
Refer: 2256 122 N 1 0 0 1 0 0 2
EndChar
