StartChar: uni01DC.pcap
Encoding: 57485 57485 1793
Width: 608
VWidth: 1159
Flags: W
HStem: -11 83<248.109 407.197> 440 64<52.3636 85.8538 190.005 215.75 428 460.266 542.153 575.38> 486 20G<569.5 577.408> 534.08 105.84<183.494 277.506 359.494 453.506>
VStem: 91 99<206.601 434.414> 176.32 108.36<541.114 632.915> 352.32 108.36<541.114 632.915> 458 84<126.849 434.429>
LayerCount: 2
Fore
Refer: 472 58082 S 0.983911 0.178658 -0.178658 0.983911 630.713 107.413 2
Refer: 97 776 N 1 0 0 1 493.5 -59 2
Refer: 663 57367 N 1 0 0 1 0 0 3
EndChar
