StartChar: uni01C2
Encoding: 450 450 1512
Width: 338
VWidth: 1515
UnlinkRmOvrlpSave: 1
Flags: W
HStem: 156.131 65.739<40 298> 337.131 65.739<40 298>
LayerCount: 2
Fore
Refer: 1969 58114 N 0.258 0 0 1.17391 40 370 2
Refer: 1969 58114 S 0.258 0 0 1.17391 40 189 2
Refer: 325 124 N 1 0 0 1 90 0 2
Substitution2: "smcp-1" clickalveolar.smcp
Substitution2: "pcap-1" clickalveolar.pcap
EndChar
