StartChar: uni022D.smcp
Encoding: 57848 57848 2207
Width: 673
VWidth: 1159
Flags: W
HStem: -15.858 74.9411<273.024 431.504> 491.323 76.6295<237.92 401.754> 848.898 59.6523<225.896 484.896>
VStem: 34.0109 116.953<183.715 382.171> 525.047 108.837<167.936 363.427>
LayerCount: 2
Fore
Refer: 101 772 S 1 0 0 1 526.896 251.224 2
Refer: 100 771 S 0.996195 -0.0871557 0.0871557 0.996195 490.076 104.68 2
Refer: 2044 57685 N 1 0 0 1 0 0 3
Validated: 1
EndChar
