StartChar: uni01DC.smcp
Encoding: 57809 57809 2168
Width: 685
VWidth: 1159
Flags: HW
HStem: -11.9818 83.594<276.867 456.883> 497.966 64.7116<204.138 240.035 607.239 649.87> 501.092 68.8336<54.2299 97.5095> 717.08 105.84<225.494 319.506 401.494 495.506>
VStem: 102.067 108.051<135.064 496.647> 218.32 108.36<724.114 815.915> 394.32 108.36<724.114 815.915> 523.693 83.7511<141.773 497.706>
LayerCount: 2
Fore
Refer: 2050 57691 N 1 0 0 1 0 0 3
Refer: 94 768 N 0.86012 0.45148 -0.351495 0.861865 664.508 385.031 2
Refer: 97 776 N 1 0 0 1 535.5 124 2
EndChar
