StartChar: uni03FE
Encoding: 1022 1022 1051
Width: 732
Flags: W
HStem: -16 56<307.203 538.098> 317.913 85.1731<375.552 449.448> 632 56<286.57 553.553>
VStem: 43 56<215.879 444.931> 369.913 85.1731<323.574 397.449> 607 52<491.378 596.716> 636 53<131.551 187.717>
LayerCount: 2
Fore
Refer: 2358 57345 N 0.990385 0 0 0.990385 412.5 360.5 2
Refer: 1049 1017 N 1 0 0 1 0 0 2
Validated: 1
Position2: "cpsp-1" dx=0 dy=0 dh=50 dv=100
EndChar
