StartChar: uni01D8.smcp
Encoding: 57807 57807 2166
Width: 673
VWidth: 1159
Flags: W
HStem: -12 84<277.033 457.515> 497 65<54.8889 97.3068 204.007 240.131 607.22 650.378> 549 20G<483.71 495.5 644.5 652.37> 717.08 105.84<225.494 319.506 401.494 495.506>
VStem: 102 102<145.953 494.813> 218.32 108.36<724.114 815.915> 394.32 108.36<724.114 815.915> 524 83<144.403 496.413>
LayerCount: 2
Fore
Refer: 470 58080 S 0.994713 0.102691 -0.102691 0.994713 563.934 165.989 2
Refer: 97 776 S 1 0 0 1 532.5 -2 2
Refer: 2050 57691 N 1 0 0 1 0 0 3
EndChar
