StartChar: uni0230
Encoding: 560 560 790
Width: 819
VWidth: 1159
Flags: W
HStem: -16 72<346.672 526.99> 616 73<284.654 475.048> 695.676 91.4<358.656 457.344> 797.096 63.8595<254 565>
VStem: 46 119<261.919 449.449> 347.5 121<704.133 778.652> 653 115<214.618 413.376>
LayerCount: 2
Fore
Refer: 40 79 N 1 0 0 1 0 0 3
Refer: 164 58025 S 1 0 0 0.769359 330 128.966 2
Refer: 160 58021 N 1 0 0 0.802169 261 201.887 2
Position2: "cpsp-1" dx=0 dy=0 dh=50 dv=100
EndChar
