StartChar: uni022D.pcap
Encoding: 57524 57524 1031
Width: 591
Flags: HW
HStem: -12 56<200.196 383.925> 456 56<202.824 381.668> 696 56.2236<169.896 428.896>
VStem: 27 56<153.993 336.034> 502 56<160.26 334.841>
LayerCount: 2
Fore
Refer: 775 771 N 0.996195 -0.0871557 0.0871557 0.996195 413.076 -59.3196 2
Refer: 1088 772 N 1 0 0 1.00399 470.896 94.6083 2
Refer: 546 57361 N 1 0 0 1 0 0 3
EndChar
