StartChar: uni023C
Encoding: 572 572 2004
Width: 444
VWidth: 1159
Flags: W
LayerCount: 2
Fore
Refer: 1968 58113 S 0.266033 0.510192 -0.832446 0.432622 96.4837 -55.0962 2
Refer: 2 99 N 1 0 0 1 0 0 2
Validated: 5
EndChar
