StartChar: uni01E0
Encoding: 480 480 908
Width: 733
Flags: HW
HStem: 675 106.076<319.206 449.294> 797.096 63.8595<231 542>
VStem: 304.5 159.5<684.815 771.3>
LayerCount: 2
Fore
Refer: 2385 58021 N 1 0 0 0.954658 237 66.5511 2
Refer: 2324 58025 N 1.31818 0 0 0.892892 281.432 25.296 2
Refer: 2288 65 N 1 0 0 1 0 0 3
Position2: "cpsp-1" dx=0 dy=0 dh=50 dv=100
EndChar
