StartChar: uni1F1A
Encoding: 7962 7962 1474
Width: 892
Flags: W
HStem: -14 55<368.727 415.082> 1 53<474.292 823.927> 311 55<472 755.271> 518.048 23.76<4.19096 50.8394> 623 56<358 416.092 471.915 803.427> 652.832 79.92<30.112 75.0649> 667 20G<831 854>
VStem: 83.031 48.6<558.997 638.051> 417 55<54.0551 311 366 622.835> 766 50<261.16 311.781 367.967 419.612> 797 54<547 625.272>
LayerCount: 2
Fore
Refer: 2387 8175 S 1.08329 -0.191013 0.191013 1.08329 -40.2958 97.955 2
Refer: 1606 8127 N 1.08 0 0 1.08 -112.273 -15.472 2
Refer: 980 917 N 1 0 0 1 273 0 2
Validated: 1
EndChar
