StartChar: uni1EA5.smcp
Encoding: 57947 57947 2306
Width: 604
Flags: HMW
LayerCount: 2
Fore
Refer: 470 58080 N 0.745874 0.125851 -0.313113 1.02483 709.65 131.811 2
Refer: 471 58081 N 1 0 0 1 514 156 2
Refer: 2030 57671 N 1 0 0 1 0 0 3
EndChar
