StartChar: uni1E93.smcp
Encoding: 57938 57938 2297
Width: 593
VWidth: 1159
Flags: HW
HStem: -183.825 109.65<225.502 322.498> -5.06965 21G<47.3257 78.7403> 2.37918 70.163<208.962 483.564> 489.069 75.1379<122.862 415.467>
VStem: 218.1 111.8<-176.538 -81.432>
LayerCount: 2
Fore
Refer: 272 803 N 1 0 0 1 489 0 2
Refer: 2055 57696 N 1 0 0 1 0 0 3
EndChar
