StartChar: uni1E91.pcap
Encoding: 57613 57613 1894
Width: 537
VWidth: 0
Flags: HW
HStem: -7.74609 21G<44.0537 71.1475> 1.41309 74.1895<204.317 424.251> 423.605 75.7197<113.544 357> 564 155.801
VStem: 126.3 312.5
LayerCount: 2
Fore
Refer: 93 770 N 1 0 0 1 457 0 2
Refer: 668 57372 N 1 0 0 1 0 0 3
EndChar
