StartChar: uni1F2C
Encoding: 7980 7980 1482
Width: 1105
Flags: W
HStem: -7 54<318 384.888 441.016 514 885.309 959.716 1016.74 1077> 322 55<441 960> 518.048 23.76<-20.809 25.8394> 627 57<441.594 518.228 884.525 959.772> 634 55<320.772 383.547 1016.1 1070.53> 652.832 79.92<5.11204 50.0649>
VStem: 58.031 48.6<558.997 638.051> 385 56<53.8598 322 377 619.878> 960 56<55.3636 321 377 617.916>
AnchorPoint: "Bottom" 679 -15 basechar 0
AnchorPoint: "Top" 687 699 basechar 0
LayerCount: 2
Fore
Refer: 1616 8189 S 1.08329 0.191013 -0.191013 1.08329 98.2759 -26.841 2
Refer: 1606 8127 N 1.08 0 0 1.08 -137.273 -15.472 2
Refer: 982 919 N 1 0 0 1 249 0 2
Validated: 1
EndChar
