StartChar: uni1F1B
Encoding: 7963 7963 1475
Width: 885
Flags: W
HStem: -14 55<361.727 408.082> 1 53<467.292 816.927> 311 55<465 748.271> 516.048 23.76<69.9981 116.647> 623 56<351 409.092 464.915 796.427> 650.832 79.92<44.6202 90.7254> 667 20G<824 847>
VStem: -10.7935 47.52<558.127 635.887> 410 55<54.0551 311 366 622.835> 759 50<261.16 311.781 367.967 419.612> 790 54<547 625.272>
LayerCount: 2
Fore
Refer: 2387 8175 S 1.08329 -0.191013 0.191013 1.08329 -48.2958 97.955 2
Refer: 1614 8190 N 1.08 0 0 1.08 -79.9135 -17.472 2
Refer: 980 917 N 1 0 0 1 266 0 2
Validated: 1
EndChar
