StartChar: uni1E4F
Encoding: 7759 7759 1378
Width: 570
Flags: HW
HStem: -11 74<235.683 375.593> 440 77<194.436 334.919> 767.234 105.84<170.89 264.902 346.89 440.902>
VStem: 30 100<179.83 346.467> 163.716 108.36<774.268 866.069> 339.716 108.36<774.268 866.069> 436 104<152.433 329.656>
LayerCount: 2
Fore
Refer: 775 771 N 0.996195 -0.0871557 0.0871557 0.996195 417.96 -65.3163 2
Refer: 1092 776 N 1 0 0 1 472.896 88.154 2
Refer: 545 111 N 1 0 0 1 0 0 3
EndChar
