StartChar: uni1FDA
Encoding: 8154 8154 1920
Width: 464
Flags: HW
HStem: -8 21G<192.158 218.5 483.5 510.389> 672 20G<197.421 225.5 485 514.026>
VStem: 302 106<67.4773 555.247>
LayerCount: 2
Fore
Refer: 2366 921 N 1 0 0 1 123 0 2
Refer: 1940 8175 N 1.08329 -0.191013 0.191013 1.08329 -170.296 97.955 2
EndChar
