StartChar: uni1E3F.smcp
Encoding: 57896 57896 1348
Width: 823
Flags: HW
HStem: -8.85027 72.2242<87.8972 132.574 214.915 250.245 585.922 626.299 727.673 777.23> 499.971 75.4142<99.0233 137.998 712.874 763.821> 711 189.38
VStem: 132.942 80.0339<71.2241 325.257> 146.358 72.5566<230.012 425.128> 345.889 215.611 381.836 68.0796<-5.18922 75.525> 616.746 94.9818<223.653 412.396> 626.782 100.891<69.6624 343.615>
LayerCount: 2
Fore
Refer: 15 769 N 1 0 0 1 611 43 2
Refer: 507 57683 N 1 0 0 1 0 0 3
EndChar
