StartChar: uni1E53.smcp
Encoding: 57906 57906 1388
Width: 659
Flags: HW
HStem: -13 75<274.971 431.469> 497 77<238.2 401.869> 709.022 80.9567<226.5 485.5>
VStem: 34 117<188.562 387.446> 525 109<172.815 368.674>
LayerCount: 2
Fore
Refer: 16 58080 N 0.994713 0.102691 -0.102691 0.994713 518.934 156.989 2
Refer: 1088 772 N 1 0 0 0.963209 503.5 31.5758 2
Refer: 547 57685 N 1 0 0 1 0 0 3
EndChar
