StartChar: uni1ED1.pcap
Encoding: 57645 57645 1914
Width: 591
VWidth: 1159
Flags: W
HStem: -15.6211 76.5928<236.145 382.52> 421.33 78.4844<207.528 354.482> 445.319 129.361
VStem: 27.3418 114.772<154.821 341.939> 152.22 268.561 453.23 105.261<145.562 321.729>
LayerCount: 2
Fore
Refer: 470 58080 N 0.745874 0.0958213 -0.313113 0.780289 694.65 243.825 2
Refer: 471 58081 N 1 0 0 1 484 15 2
Refer: 657 57361 N 1 0 0 1 0 0 3
Validated: 5
EndChar
