StartChar: uni1ED3.pcap
Encoding: 57646 57646 1915
Width: 591
VWidth: 1159
Flags: W
HStem: -12 77<238 380.814> 433 79<207.486 352.49> 533.319 131.361
VStem: 27 115<161.882 350.475> 164.22 268.561 453 105<152.614 330.102>
LayerCount: 2
Fore
Refer: 472 58082 S 0.802353 0.170979 0.0638383 1.0233 309.121 84.2797 2
Refer: 471 58081 S 1 0 0 1 495 115 2
Refer: 657 57361 N 1 0 0 1 0 0 3
EndChar
