StartChar: uni1E93.pcap
Encoding: 57614 57614 1895
Width: 537
VWidth: 0
Flags: W
HStem: -183.825 109.65<219.502 316.498> -7.74609 21G<44.0537 71.1475> 1.41309 74.1895<204.317 424.251> 423.605 75.7197<113.544 357>
VStem: 212.1 111.8<-176.538 -81.432>
LayerCount: 2
Fore
Refer: 272 803 N 1 0 0 1 462 0 2
Refer: 668 57372 N 1 0 0 1 0 0 3
Validated: 5
EndChar
