StartChar: uni1FAF
Encoding: 8111 8111 1589
Width: 855
Flags: W
HStem: -287 44.4951<430.881 501.245> -10 21G<211.117 215.904 768.863 773.642> 0.754883 75.3525<257.163 363.381 616.783 729.981> 516.048 23.76<103.998 150.647> 650.832 79.92<78.6202 124.725> 657 49<375.08 563.066> 901.627 69.749<164.463 229.376> 957.448 69.5793<72.1797 140.305>
VStem: 3.08398 294.106 23.2065 47.52<558.127 635.887> 167 93<334.929 517.115> 201 40<91.9703 196.875> 389.95 65.9873<-241.952 -81.5438> 403.954 71.1582<-212.355 -79.5068> 725 101<323.745 498.491> 746 43<92.199 191.651>
LayerCount: 2
Fore
Refer: 961 890 N 1 0 0 1 384.422 8 2
Refer: 1581 8047 N 1 0 0 1 0 0 3
Validated: 1
EndChar
