StartChar: uni1E78
Encoding: 7800 7800 817
Width: 824
VWidth: 0
Flags: W
HStem: -13 88<316.037 557.516> 610 66<723.018 783.284> 616 69<57.4167 117.229 230.011 285.696> 713.408 86<452.651 528.467> 759.476 154.372 760.746 85.4463<358.91 439.756>
VStem: 117 113<150.891 608.316> 254.555 205.617 279.468 324.946 643 80<158.27 609.484>
AnchorPoint: "Bottom" 420 -15 basechar 0
LayerCount: 2
Fore
Refer: 161 58022 S 1 0 0 1 351 -32 2
Refer: 90 58018 S 0.883116 0.469155 -0.469155 0.883116 563.106 74.8125 2
Refer: 53 85 N 1 0 0 1 0 0 2
Position2: "cpsp-1" dx=0 dy=0 dh=50 dv=100
EndChar
