StartChar: uni1F1C
Encoding: 7964 7964 1476
Width: 861
Flags: W
HStem: -14 55<337.727 384.082> 1 53<443.292 792.927> 311 55<441 724.271> 518.048 23.76<-20.809 25.8394> 623 56<327 385.092 440.915 772.427> 652.832 79.92<5.11204 50.0649> 667 20G<800 823>
VStem: 58.031 48.6<558.997 638.051> 386 55<54.0551 311 366 622.835> 735 50<261.16 311.781 367.967 419.612> 766 54<547 625.272>
LayerCount: 2
Fore
Refer: 1616 8189 S 1.08329 0.191013 -0.191013 1.08329 98.2759 -26.841 2
Refer: 1606 8127 N 1.08 0 0 1.08 -137.273 -15.472 2
Refer: 980 917 N 1 0 0 1 242 0 2
Validated: 1
EndChar
