StartChar: uni1ED3.pcap
Encoding: 57646 57646 1915
Width: 591
VWidth: 1159
Flags: W
HStem: -15.6211 76.5928<236.145 382.52> 421.33 78.4844<207.528 354.482> 445.319 129.361
VStem: 27.3418 114.772<154.821 341.939> 152.22 268.561 453.23 105.261<145.562 321.729>
LayerCount: 2
Fore
Refer: 94 768 N 0.782905 0.269867 0.00769009 0.706185 354.834 334.569 2
Refer: 657 57361 N 1 0 0 1 0 0 3
Refer: 471 58081 N 1 0 0 1 484 15 2
Validated: 5
EndChar
