StartChar: uni1E1F
Encoding: 7711 7711 1282
Width: 362
Flags: HW
HStem: 738.701 113.3<114.335 211.065>
VStem: 103.4 118.6<749.184 841.559>
LayerCount: 2
Fore
Refer: 1091 775 N 0.877221 0 0 0.854451 317.091 240.812 2
Refer: 336 102 N 1 0 0 1 0 0 3
EndChar
