StartChar: uni1F1D
Encoding: 7965 7965 1477
Width: 861
Flags: W
HStem: -14 55<337.727 384.082> 1 53<443.292 792.927> 311 55<441 724.271> 516.048 23.76<52.9981 99.6465> 623 56<327 385.092 440.915 772.427> 650.832 79.92<27.6202 73.7254> 667 20G<800 823>
VStem: -27.7935 47.52<558.127 635.887> 386 55<54.0551 311 366 622.835> 735 50<261.16 311.781 367.967 419.612> 766 54<547 625.272>
LayerCount: 2
Fore
Refer: 1616 8189 N 1.08329 0.191013 -0.191013 1.08329 98.2759 -26.841 2
Refer: 1614 8190 N 1.08 0 0 1.08 -96.9135 -17.472 2
Refer: 980 917 N 1 0 0 1 242 0 2
Validated: 1
EndChar
