StartChar: uni1E4C
Encoding: 7756 7756 804
Width: 819
Flags: HW
HStem: -16 72<346.672 526.99> 616 73<284.654 475.048> 743.408 86<437.651 513.467> 789.476 154.372 790.746 85.4463<343.91 424.756>
VStem: 46 119<261.919 449.449> 239.555 205.617 264.468 324.946 653 115<214.618 413.376>
LayerCount: 2
Fore
Refer: 40 79 N 1 0 0 1 0 0 3
Refer: 161 58022 N 1 0 0 1 321 -32 2
Refer: 90 58018 N 0.883116 0.469155 -0.469155 0.883116 533.106 74.8125 2
Position2: "cpsp-1" dx=0 dy=0 dh=50 dv=100
EndChar
