StartChar: uni1E79
Encoding: 7801 7801 1462
Width: 563
Flags: HW
HStem: 627.408 86<324.331 392.951> 674.746 85.4463<239.486 312.66>
VStem: 167.584 294.106
AnchorPoint: "Bottom" 256 -15 basechar 0
LayerCount: 2
Fore
Refer: 16 58080 N 0.635145 0.772393 -0.772393 0.635145 707.078 355.521 2
Refer: 775 771 N 1 0 0 1 560 -34 2
Refer: 790 117 N 1 0 0 1 0 0 2
EndChar
