StartChar: uni1FAE
Encoding: 8110 8110 1588
Width: 830
Flags: W
HStem: -287 44.4951<383.881 454.245> -10 21G<186.117 190.904 743.863 748.642> 0.754883 75.3525<232.163 338.381 591.783 704.981> 518.048 23.76<35.1905 81.8389> 652.832 79.92<61.1115 106.064> 657 49<350.08 538.066> 903.627 69.749<164.463 229.376> 959.448 69.5793<72.1797 140.305>
VStem: 3.08398 294.106 114.03 48.6<558.997 638.051> 142 93<334.929 517.115> 176 40<91.9703 196.875> 342.95 65.9873<-241.952 -81.5438> 356.954 71.1582<-212.355 -79.5068> 700 101<323.745 498.491> 721 43<92.199 191.651>
LayerCount: 2
Fore
Refer: 961 890 N 1 0 0 1 337.422 8 2
Refer: 1580 8046 N 1 0 0 1 0 0 3
Validated: 1
EndChar
