StartChar: uni1E9C
Encoding: 7836 7836 1529
Width: 330
UnlinkRmOvrlpSave: 1
Flags: HW
HStem: -6 36<34 97.3708 215.17 284.568> 1 32<191.619 282.018> 356 25<46 67.3182> 701 55<273.459 377.117>
VStem: 113 72<42.1466 356 403 602.768>
LayerCount: 2
Fore
Refer: 1122 823 N 0.827634 -0.573068 -0.0680411 0.993436 393.073 -95.4996 2
Refer: 500 383 N 1 0 0 1 0 0 3
EndChar
