StartChar: uni1F3B
Encoding: 7995 7995 1552
Width: 549
Flags: W
HStem: -13 55<310.236 437.041> 516.048 23.76<69.9981 116.647> 634 55<315.654 446.152 503.766 630.218> 650.832 79.92<44.6202 90.7254>
VStem: -10.7935 47.52<558.127 635.887> 442 57<56.248 620.751>
AnchorPoint: "Top" 417 699 basechar 0
AnchorPoint: "Bottom" 413 -15 basechar 0
LayerCount: 2
Fore
Refer: 2387 8175 N 1.08329 -0.191013 0.191013 1.08329 -48.2958 97.955 2
Refer: 1614 8190 N 1.08 0 0 1.08 -79.9135 -17.472 2
Refer: 984 921 N 1 0 0 1 240 0 2
Validated: 1
EndChar
