StartChar: uni1E51
Encoding: 7761 7761 809
Width: 550
VWidth: 0
Flags: W
HStem: -11 56<187.407 362.078> 461 56<198.623 363.762> 646.674 59.6523<158.5 417.5>
VStem: 20 56<152.781 332.952> 474 56<165.478 347.309>
LayerCount: 2
Fore
Refer: 14 111 N 1 0 0 1 0 0 2
Refer: 94 768 S 0.86012 0.45148 -0.351495 0.861865 627.508 299.031 2
Refer: 101 772 N 1 0 0 1 459.5 49 2
Validated: 1
EndChar
