StartChar: uni1FC8
Encoding: 8136 8136 2388
Width: 802
Flags: HW
HStem: -14 65<222.708 269.082> 1 76<381.078 653.75> 306 69<381 596.271> 612 67<212 270.054 383.953 643.686> 667 20G<685 708>
VStem: 271 110<77.9826 305 374 607.868> 607 63<261.095 305.939 375.112 419.629> 646 59<543 603.369> 695 59<127.365 143.729>
LayerCount: 2
Fore
Refer: 2387 8175 N 0.942898 -0.566521 0.566521 0.942898 -418.995 128.56 2
Refer: 980 917 N 1 0 0 1 119 0 2
EndChar
