StartChar: uni1EB4
Encoding: 7860 7860 1575
Width: 733
UnlinkRmOvrlpSave: 1
Flags: HW
HStem: 658.447 78.834<286.023 456.147>
VStem: 212.765 317.471
AnchorPoint: "Bottom" 363 -15 basechar 0
LayerCount: 2
Fore
Refer: 2446 58022 N 0.994522 -0.104528 0.104528 0.994522 135.077 70.7418 2
Refer: 2288 65 N 1 0 0 1 0 0 2
Refer: 2307 58023 N 1 0 0 1 211 -75 2
Position2: "cpsp-1" dx=0 dy=0 dh=50 dv=100
EndChar
