StartChar: uni1E9C
Encoding: 7836 7836 1529
Width: 341
UnlinkRmOvrlpSave: 1
Flags: HW
HStem: -6 36<22.6102 85.981 203.78 273.178> 1 32<180.229 270.628> 356 25<34.6102 55.9284> 701 55<262.069 365.727>
VStem: 101.61 72<42.1466 356 403 602.768>
LayerCount: 2
Fore
Refer: 1122 823 N 0.827634 -0.573068 -0.0680411 0.993436 381.683 -95.4996 2
Refer: 500 383 N 1 0 0 1 0 0 3
EndChar
