StartChar: uni1EC1.pcap
Encoding: 57637 57637 2012
Width: 526
VWidth: 1159
Flags: W
HStem: -12 21G<89.1429 116> 1 81<219 404.632> 215 71<218 345.924> 387 117<381 446> 424 74<83 117 217.001 379.771> 533.319 131.361
VStem: 117 99<82 215 286 424.458> 142.22 268.561 357 67<190.194 214.518 284.915 308.537> 381 65<387 423.302>
LayerCount: 2
Fore
Refer: 472 58082 S 0.802353 0.170979 0.0638383 1.0233 286.121 84.2797 2
Refer: 471 58081 S 1 0 0 1 472 115 2
Refer: 647 57351 N 1 0 0 1 0 0 3
EndChar
