StartChar: uni1FAA
Encoding: 8106 8106 1584
Width: 938
Flags: W
HStem: -287 44.4951<559.881 630.245> -10 21G<294.117 298.904 851.863 856.642> 0.754883 75.3525<340.163 446.381 699.783 812.981> 518.048 23.76<4.19096 50.8394> 652.832 79.92<30.112 75.0649> 657 49<458.08 646.066>
VStem: 83.031 48.6<558.997 638.051> 250 93<334.929 517.115> 284 40<91.9703 196.875> 518.95 65.9873<-241.952 -81.5438> 532.954 71.1582<-212.355 -79.5068> 808 101<323.745 498.491> 829 43<92.199 191.651>
LayerCount: 2
Fore
Refer: 961 890 N 1 0 0 1 513.422 8 2
Refer: 1576 8042 N 1 0 0 1 0 0 3
Validated: 1
EndChar
