StartChar: uni1F3C
Encoding: 7996 7996 1553
Width: 442
Flags: W
HStem: -13 55<320.236 447.041> 518.048 23.76<-20.809 25.8394> 634 55<325.654 456.152 513.766 640.218> 652.832 79.92<5.11204 50.0649>
VStem: 58.031 48.6<558.997 638.051> 452 57<56.248 620.751>
AnchorPoint: "Top" 427 699 basechar 0
AnchorPoint: "Bottom" 423 -15 basechar 0
LayerCount: 2
Fore
Refer: 1616 8189 S 1.08329 0.191013 -0.191013 1.08329 98.2759 -26.841 2
Refer: 1606 8127 N 1.08 0 0 1.08 -137.273 -15.472 2
Refer: 984 921 N 1 0 0 1 250 0 2
Validated: 1
EndChar
