StartChar: uni1E43.smcp
Encoding: 57898 57898 2257
Width: 823
Flags: HW
HStem: -183.825 109.65<315.502 412.498> -8.85027 72.2242<87.8972 132.574 214.915 250.245 585.922 626.299 727.673 777.23> 499.971 75.4142<99.0233 137.998 712.874 763.821>
VStem: 132.942 80.0339<71.2241 325.257> 146.358 72.5566<230.012 425.128> 308.1 111.8<-176.538 -81.432> 381.836 68.0796<-5.18922 75.525> 616.746 94.9818<223.653 412.396> 626.782 100.891<69.6624 343.615>
LayerCount: 2
Fore
Refer: 272 803 N 1 0 0 1 607 0 2
Refer: 2042 57683 N 1 0 0 1 0 0 3
EndChar
