StartChar: uni1E15.pcap
Encoding: 57551 57551 1863
Width: 526
VWidth: 1159
Flags: W
HStem: -12 21G<89.1429 116> 1 81<219 404.632> 215 71<218 345.924> 387 117<381 446> 424 74<83 117 217.001 379.771> 545.022 80.9567<140.5 399.5>
VStem: 117 99<82 215 286 424.458> 357 67<190.194 214.518 284.915 308.537> 381 65<387 423.302>
LayerCount: 2
Fore
Refer: 472 58082 S 0.983911 0.178658 -0.178658 0.983911 602.713 107.413 2
Refer: 101 772 S 1 0 0 1 441.5 -42 2
Refer: 647 57351 N 1 0 0 1 0 0 3
EndChar
