StartChar: uni1E65
Encoding: 7781 7781 1422
Width: 427
Flags: HW
HStem: 715.168 132.6<136.021 246.291>
VStem: 123.556 135.2<727.437 835.547>
AnchorPoint: "Bottom" 162 -15 basechar 0
LayerCount: 2
Fore
Refer: 16 58080 N 0.948683 0.316228 -0.316228 0.948683 585.143 61.2062 2
Refer: 1091 775 N 1 0 0 1 393.156 47.468 2
Refer: 688 115 N 1 0 0 1 0 0 2
EndChar
