StartChar: uni1ED1.pcap
Encoding: 57645 57645 1914
Width: 591
VWidth: 1159
Flags: W
HStem: -12 77<238 380.814> 433 79<207.486 352.49> 533.319 131.361
VStem: 27 115<161.882 350.475> 164.22 268.561 453 105<152.614 330.102>
LayerCount: 2
Fore
Refer: 470 58080 S 0.745874 0.125851 -0.313113 1.02483 691.65 98.8114 2
Refer: 471 58081 S 1 0 0 1 496 111 2
Refer: 657 57361 N 1 0 0 1 0 0 3
EndChar
