StartChar: uni1ED1
Encoding: 7889 7889 852
Width: 550
VWidth: 0
Flags: W
HStem: -11 56<187.407 362.078> 445.319 129.361 461 56<198.623 363.762>
VStem: 20 56<152.781 332.952> 127.22 268.561 474 56<165.478 347.309>
AnchorPoint: "Bottom" 249 -15 basechar 0
LayerCount: 2
Fore
Refer: 470 58080 S 0.745874 0.0958213 -0.313113 0.780289 669.65 243.825 2
Refer: 14 111 N 1 0 0 1 0 0 2
Refer: 471 58081 N 1 0 0 1 459 15 2
Validated: 5
EndChar
