StartChar: uni1EB1
Encoding: 7857 7857 846
Width: 456
VWidth: 1159
Flags: W
HStem: 620 55.7188<158.376 290.863>
VStem: 72.3477 48.0801<712.953 732.834> 329.624 48.0811<713.969 732.834>
AnchorPoint: "Bottom" 193 -15 basechar 0
LayerCount: 2
Fore
Refer: 94 768 N 0.782905 0.269867 0.00769009 0.706185 351.834 326.569 2
Refer: 105 774 S 1 0 0 1 399.5 44 2
Refer: 0 97 N 1 0 0 1 0 0 2
Validated: 5
EndChar
