StartChar: uni1EBE
Encoding: 7870 7870 860
Width: 683
VWidth: 0
Flags: W
HStem: -14 55<95.7273 142.082> 1 53<201.292 550.927> 311 55<199 482.271> 623 56<85 143.092 198.915 530.427> 667 20G<558 581>
VStem: 144 55<54.0551 311 366 622.835> 493 50<261.16 311.781 367.967 419.612> 524 54<547 625.272>
AnchorPoint: "Bottom" 327 -15 basechar 0
LayerCount: 2
Fore
Refer: 30 69 N 1 0 0 1 0 0 2
Refer: 159 58020 S 1 0 0 1 159 -26 2
Refer: 90 58018 S 0.722277 -0.0866812 -0.0866812 0.857723 424.585 162.269 2
Validated: 1
Position2: "cpsp-1" dx=0 dy=0 dh=50 dv=100
EndChar
