StartChar: uni1F2D
Encoding: 7981 7981 1483
Width: 1107
Flags: W
HStem: -7 54<320 386.888 443.016 516 887.309 961.716 1018.74 1079> 322 55<443 962> 516.048 23.76<52.9981 99.6465> 627 57<443.594 520.228 886.525 961.772> 634 55<322.772 385.547 1018.1 1072.53> 650.832 79.92<27.6202 73.7254>
VStem: -27.7935 47.52<558.127 635.887> 387 56<53.8598 322 377 619.878> 962 56<55.3636 321 377 617.916>
AnchorPoint: "Bottom" 681 -15 basechar 0
AnchorPoint: "Top" 689 699 basechar 0
LayerCount: 2
Fore
Refer: 1616 8189 S 1.08329 0.191013 -0.191013 1.08329 98.2759 -26.841 2
Refer: 1614 8190 N 1.08 0 0 1.08 -96.9135 -17.472 2
Refer: 982 919 N 1 0 0 1 251 0 2
Validated: 1
EndChar
