StartChar: uni1FED
Encoding: 8173 8173 2029
Width: 295
Flags: HW
HStem: 506 84<1.6937 76.3063 209.694 284.306> 661 189.38
VStem: -24.6113 215.611 -4 86<511.582 584.441> 204 86<511.582 584.441>
AnchorPoint: "Top" 143.5 465 mark 0
LayerCount: 2
Fore
Refer: 2387 8175 N 1 0 0 1 -56 87 2
Refer: 2357 57344 N 1 0 0 0.976744 39 548 2
Refer: 2357 57344 N 1 0 0 0.976744 247 548 2
EndChar
