StartChar: uni1E15.pcap
Encoding: 57551 57551 1863
Width: 526
VWidth: 1159
Flags: W
HStem: -12.126 21G<89.1356 115.991> 0.520508 72.8613<218.589 401.98> 210 70.4111<218.322 353.359> 387.021 116.985<381.468 445.536> 425.873 72.1797<82.5479 116.946 217.778 380.422> 646.674 59.6523<140.5 399.5>
VStem: 117.908 98.4248<70.8583 209.569 281.175 424.398> 357.196 66.7227<188.999 209.988> 381.468 64.0684<387.021 423.216> 416.783 56.6943<87.8257 106.13>
LayerCount: 2
Fore
Refer: 94 768 S 0.86012 0.45148 -0.351495 0.861865 609.508 299.031 2
Refer: 101 772 N 1 0 0 1 441.5 49 2
Refer: 647 57351 N 1 0 0 1 0 0 3
Validated: 1
EndChar
