StartChar: uni1F2B
Encoding: 7979 7979 1481
Width: 1102
Flags: W
HStem: -7 54<315 381.888 438.016 511 882.309 956.716 1013.74 1074> 322 55<438 957> 516.048 23.76<69.9981 116.647> 627 57<438.594 515.228 881.525 956.772> 634 55<317.772 380.547 1013.1 1067.53> 650.832 79.92<44.6202 90.7254>
VStem: -10.7935 47.52<558.127 635.887> 382 56<53.8598 322 377 619.878> 957 56<55.3636 321 377 617.916>
AnchorPoint: "Bottom" 676 -15 basechar 0
AnchorPoint: "Top" 684 699 basechar 0
LayerCount: 2
Fore
Refer: 2387 8175 N 1.08329 -0.191013 0.191013 1.08329 -48.2958 97.955 2
Refer: 1614 8190 N 1.08 0 0 1.08 -79.9135 -17.472 2
Refer: 982 919 N 1 0 0 1 246 0 2
Validated: 1
EndChar
