StartChar: uni1F3A
Encoding: 7994 7994 1551
Width: 549
Flags: W
HStem: -13 55<318.236 445.041> 518.048 23.76<4.19096 50.8394> 634 55<323.654 454.152 511.766 638.218> 652.832 79.92<30.112 75.0649>
VStem: 83.031 48.6<558.997 638.051> 450 57<56.248 620.751>
AnchorPoint: "Top" 425 699 basechar 0
AnchorPoint: "Bottom" 421 -15 basechar 0
LayerCount: 2
Fore
Refer: 2387 8175 S 1.08329 -0.191013 0.191013 1.08329 -40.2958 97.955 2
Refer: 1606 8127 N 1.08 0 0 1.08 -112.273 -15.472 2
Refer: 984 921 N 1 0 0 1 248 0 2
Validated: 1
EndChar
