StartChar: uni1E17.smcp
Encoding: 57876 57876 1268
Width: 573
Flags: HW
HStem: -13 69<92.8841 124.828> 2 70<230.627 446.061> 245 69<231 394.513> 492 71<84 126.107 232 428.996> 550 20G<471 493.5> 709.022 80.9567<162.5 421.5>
VStem: 127 103<72.0015 244 315 490.473> 401 66<216.136 244.272 314.234 348.554> 431 62<443 488.967> 471 58<97.9627 119.569>
LayerCount: 2
Fore
Refer: 16 58080 N 0.994713 0.102691 -0.102691 0.994713 492.934 156.989 2
Refer: 1088 772 N 1 0 0 0.963209 477.5 31.5758 2
Refer: 274 57675 N 1 0 0 1 0 0 3
EndChar
