StartChar: uni1EB5.pcap
Encoding: 57631 57631 2006
Width: 549
VWidth: 1159
Flags: HW
HStem: -5.05566 64.1494<482.002 521> 124 66<203 336> 489.31 20G<250.267 325.404> 620 55.7188<221.022 353.509>
VStem: 134.994 48.0801<712.953 732.834> 392.27 48.0811<713.969 732.834>
AnchorPoint: "Bottom" 234 -15 basechar 0
LayerCount: 2
Fore
Refer: 100 771 N 0.994522 -0.104528 0.104528 0.994522 427.116 171.891 2
Refer: 105 774 N 1 0 0 1 462.146 44 2
Refer: 643 57347 N 1 0 0 1 0 0 3
EndChar
