StartChar: uni1E37.smcp
Encoding: 57892 57892 2251
Width: 582
VWidth: 1159
Flags: W
HStem: -183.825 109.65<201.502 298.498> -13.8627 21G<512.095 532.789> -4.47309 74.6567<62.0581 108.259> 3.00066 70.633<219.138 459.311> 501.252 71.2352<214.811 283.26>
VStem: 109.293 105.055<73.5735 494.152> 194.1 111.8<-176.538 -81.432> 484.304 70.7327<90.2739 147.591>
AnchorPoint: "Top" 191 539 basechar 0
LayerCount: 2
Fore
Refer: 272 803 N 1 0 0 1 444 0 2
Refer: 2041 57682 N 1 0 0 1 0 0 3
Validated: 1
EndChar
