StartChar: uni1E45.smcp
Encoding: 57899 57899 2258
Width: 735
VWidth: 1159
Flags: HW
HStem: -6.88277 84.9004<74.5567 119.998> 498.7 76.3089<490.262 560.382 647.246 690.43> 744.175 109.65<322.002 418.998>
VStem: 125.061 79.3651<78.8518 390.416> 314.6 111.8<751.462 846.568> 565.365 71.2891<194.492 318.327> 568.438 78.1696<5.81031 35.8775 243.875 488.095>
LayerCount: 2
Fore
Refer: 49 775 N 1 0 0 1 546.5 150 2
Refer: 2043 57684 N 1 0 0 1 0 0 3
EndChar
