StartChar: uni1EAF
Encoding: 7855 7855 1564
Width: 452
Flags: HW
HStem: 620 76.7188<150.897 298.386>
VStem: 72.3477 305.357
AnchorPoint: "Bottom" 193 -15 basechar 0
LayerCount: 2
Fore
Refer: 16 58080 N 0.745874 0.125851 -0.313113 1.02483 502.65 110.811 2
Refer: 1090 774 N 1 0 0 1 412.5 -31 2
Refer: 0 97 N 1 0 0 1 0 0 2
EndChar
