StartChar: uni1E50
Encoding: 7760 7760 1381
Width: 818
Flags: HW
HStem: -16 72<348.672 528.99> 616 73<286.654 477.048> 726 79.6085<272 583> 787.331 154.372
VStem: 48 119<261.919 449.449> 272.331 205.617 655 115<214.618 413.376>
LayerCount: 2
Fore
Refer: 2400 79 N 1 0 0 1 0 0 2
Refer: 2385 58021 N 1 0 0 0.92955 255 20.2738 2
Refer: 2352 58019 N 0.99083 0.135113 -0.135113 0.99083 474.084 73.0376 2
Position2: "cpsp-1" dx=0 dy=0 dh=50 dv=100
EndChar
