StartChar: uni1E91.smcp
Encoding: 57937 57937 1506
Width: 593
Flags: HW
HStem: -5.06965 21G<47.3257 78.7403> 2.37918 70.163<208.962 483.564> 489.069 75.1379<122.862 415.467> 702 155.801
VStem: 157.8 312.5
LayerCount: 2
Fore
Refer: 1087 770 N 1 0 0 1 484 42 2
Refer: 2258 57696 N 1 0 0 1 0 0 3
EndChar
