StartChar: uni1E51.smcp
Encoding: 57905 57905 2264
Width: 673
VWidth: 1159
Flags: HW
HStem: -15.858 74.9411<273.024 431.504> 491.323 76.6295<237.92 401.754> 719.674 59.6523<226.5 485.5>
VStem: 34.0109 116.953<183.715 382.171> 525.047 108.837<167.936 363.427>
LayerCount: 2
Fore
Refer: 101 772 S 1 0 0 1 527.5 122 2
Refer: 94 768 S 0.86012 0.45148 -0.351495 0.861865 695.508 372.031 2
Refer: 2044 57685 N 1 0 0 1 0 0 3
EndChar
