StartChar: uni1E4D.pcap
Encoding: 57579 57579 1943
Width: 591
VWidth: 1159
Flags: W
HStem: -12 77<238 380.814> 433 79<207.486 352.49> 529.408 86<311.331 379.951> 576.746 85.4463<226.486 299.66>
VStem: 27 115<161.882 350.475> 154.584 294.106 453 105<152.614 330.102>
LayerCount: 2
Fore
Refer: 470 58080 S 0.635145 0.772393 -0.772393 0.635145 711.078 355.521 2
Refer: 100 771 S 1 0 0 1 564 -34 2
Refer: 657 57361 N 1 0 0 1 0 0 3
EndChar
