StartChar: uni1ED3.smcp
Encoding: 57970 57970 2329
Width: 659
VWidth: 1159
Flags: HW
HStem: -15.858 74.9411<273.024 431.504> 491.323 76.6295<237.92 401.754> 525.319 129.361
VStem: 34.0109 116.953<183.715 382.171> 195.22 268.561 525.047 108.837<167.936 363.427>
LayerCount: 2
Fore
Refer: 2044 57685 N 1 0 0 1 0 0 3
Refer: 471 58081 S 1 0 0 1 527 95 2
Refer: 94 768 S 0.782905 0.269867 0.00769009 0.706185 397.834 414.569 2
EndChar
