StartChar: uni1FEA
Encoding: 8170 8170 1935
Width: 867
Flags: HW
HStem: -11 42<322 400.062 531.394 620.814> 624 76<183.233 292.515 653.65 763.052>
VStem: 434.377 78.0224<61.5545 369.397>
LayerCount: 2
Fore
Refer: 1940 8175 N 1.08329 -0.191013 0.191013 1.08329 -170.296 97.955 2
Refer: 2467 933 N 1 0 0 1 162 0 2
EndChar
