StartChar: uni1EC1
Encoding: 7873 7873 865
Width: 478
VWidth: 0
Flags: W
HStem: 445.319 129.361
VStem: 83.2197 268.561
AnchorPoint: "Bottom" 205 -15 basechar 0
LayerCount: 2
Fore
Refer: 94 768 S 0.782905 0.269867 0.00769009 0.706185 285.834 334.569 2
Refer: 471 58081 N 1 0 0 1 415 15 2
Refer: 4 101 N 1 0 0 1 0 0 2
Validated: 5
EndChar
