StartChar: uni1E4F
Encoding: 7759 7759 807
Width: 550
VWidth: 1159
Flags: W
HStem: -11 56<187.407 362.078> 461 56<198.623 363.762> 767.234 105.84<160.89 254.902 336.89 430.902>
VStem: 20 56<152.781 332.952> 153.716 108.36<774.268 866.069> 329.716 108.36<774.268 866.069> 474 56<165.478 347.309>
LayerCount: 2
Fore
Refer: 100 771 N 0.996195 -0.0871557 0.0871557 0.996195 427.96 28.6837 2
Refer: 97 776 N 1 0 0 1 470.896 174.154 2
Refer: 14 111 N 1 0 0 1 0 0 3
Validated: 1
EndChar
