StartChar: uni1EAF.pcap
Encoding: 57628 57628 1909
Width: 549
VWidth: 1159
Flags: HW
HStem: -5.05566 64.1494<482.002 521> 124 66<203 336> 489.31 20G<250.267 325.404> 620 55.7188<221.022 353.509>
VStem: 134.994 48.0801<712.953 732.834> 392.27 48.0811<713.969 732.834>
LayerCount: 2
Fore
Refer: 470 58080 S 0.745874 0.0958213 -0.313113 0.780289 591.296 235.825 2
Refer: 105 774 N 1 0 0 1 462.146 44 2
Refer: 643 57347 N 1 0 0 1 0 0 3
EndChar
