StartChar: uni1F5D
Encoding: 8029 8029 1564
Width: 932
Flags: W
HStem: -9 42<435 513.062 644.394 733.814> 516.048 23.76<52.9981 99.6465> 626 76<296.233 405.515 766.65 876.052> 650.832 79.92<27.6202 73.7254>
VStem: -27.7935 47.52<558.127 635.887> 547.377 78.0224<63.5545 371.397>
AnchorPoint: "Top" 575.165 701 basechar 0
AnchorPoint: "Bottom" 587.165 -13 basechar 0
LayerCount: 2
Fore
Refer: 1616 8189 S 1.08329 0.191013 -0.191013 1.08329 98.2759 -26.841 2
Refer: 1614 8190 N 1.08 0 0 1.08 -96.9135 -17.472 2
Refer: 995 933 N 1 0 0 1 243 2 2
Validated: 1
EndChar
