StartChar: uni1EC1
Encoding: 7873 7873 865
Width: 478
VWidth: 0
Flags: W
HStem: 543.319 131.361
VStem: 83.2197 268.561
AnchorPoint: "Bottom" 205 -15 basechar 0
LayerCount: 2
Fore
Refer: 472 58082 S 0.748341 -0.118739 0.302951 1.02151 117.735 59.0948 2
Refer: 471 58081 S 1 0 0 1 445 111 2
Refer: 4 101 N 1 0 0 1 0 0 2
EndChar
