StartChar: uni1F0C
Encoding: 7948 7948 1468
Width: 733
VWidth: 1159
Flags: W
HStem: 501.848 60.48<-13.0091 42.6371>
VStem: 49.6309 81<571.631 639.366>
AnchorPoint: "Bottom" 368 -15 basechar 0
AnchorPoint: "Top" 382 679 basechar 0
LayerCount: 2
Fore
Refer: 1616 8189 S 0.912345 0.614516 -0.614516 0.912345 514.556 -2.0538 2
Refer: 1606 8127 N 1.08 0 0 1.08 -34.273 -47.472 2
Refer: 976 913 N 1 0 0 1 0 0 3
EndChar
