StartChar: uni1EA7.pcap
Encoding: 57624 57624 1905
Width: 549
VWidth: 1159
Flags: HW
HStem: -8 67<33.2113 75.9979 483.002 522> 124 66<203 336> 489 20G<246.5 325> 533.319 131.361
VStem: 150.866 268.561
LayerCount: 2
Fore
Refer: 472 58082 S 0.802353 0.170979 0.0638383 1.0233 296.121 84.2797 2
Refer: 471 58081 S 1 0 0 1 482 115 2
Refer: 643 57347 N 1 0 0 1 0 0 3
EndChar
