StartChar: uni1EAF.smcp
Encoding: 57952 57952 2311
Width: 604
VWidth: 1159
Flags: HW
HStem: -2.6859 65.8302<39.4664 85.8686 174.981 196.891 416.399 422.148 539.359 583.841> 148.372 64.0879<221.445 381.745> 553.984 20G<285.857 358.915> 700 55.7188<239.376 371.863>
VStem: 153.348 48.0801<792.953 812.834> 410.624 48.0811<793.969 812.834>
LayerCount: 2
Fore
Refer: 2030 57671 S 1 0 0 1 0 0 3
Refer: 105 774 N 1 0 0 1 480.5 124 2
Refer: 470 58080 N 0.745874 0.0958213 -0.313113 0.780289 609.65 315.825 2
EndChar
