StartChar: uni1EA5.pcap
Encoding: 57623 57623 1904
Width: 549
VWidth: 1159
Flags: HW
HStem: -5.05566 64.1494<482.002 521> 124 66<203 336> 445.319 129.361 489.31 20G<250.267 325.404>
VStem: 125.866 268.561
LayerCount: 2
Fore
Refer: 470 58080 N 0.745874 0.0958213 -0.313113 0.780289 668.296 243.825 2
Refer: 471 58081 N 1 0 0 1 457.646 15 2
Refer: 643 57347 N 1 0 0 1 0 0 3
EndChar
