StartChar: uni1F2A
Encoding: 7978 7978 1480
Width: 1114
Flags: W
HStem: -7 54<327 393.888 450.016 523 894.309 968.716 1025.74 1086> 322 55<450 969> 518.048 23.76<4.19096 50.8394> 627 57<450.594 527.228 893.525 968.772> 634 55<329.772 392.547 1025.1 1079.53> 652.832 79.92<30.112 75.0649>
VStem: 83.031 48.6<558.997 638.051> 394 56<53.8598 322 377 619.878> 969 56<55.3636 321 377 617.916>
AnchorPoint: "Bottom" 688 -15 basechar 0
AnchorPoint: "Top" 696 699 basechar 0
LayerCount: 2
Fore
Refer: 2387 8175 N 1.08329 -0.191013 0.191013 1.08329 -40.2958 97.955 2
Refer: 1606 8127 N 1.08 0 0 1.08 -112.273 -15.472 2
Refer: 982 919 N 1 0 0 1 258 0 2
Validated: 1
EndChar
