StartChar: uni1E15.smcp
Encoding: 57875 57875 2234
Width: 582
VWidth: 1159
Flags: W
HStem: -12.7581 68.812<92.7127 124.585> 1.52246 70.0258<230.906 446.249> 244.661 69.6757<231.203 394.749> 492.268 70.9763<83.521 126.433 231.689 428.877> 719.674 59.6523<162.5 421.5>
VStem: 126.779 104.424<71.5511 244.06 314.692 490.916> 401.368 65.3125<215.773 243.894 315.111 348.299> 431.067 62.3323<443.224 489.009> 470.874 57.8802<97.4132 119.369>
LayerCount: 2
Fore
Refer: 2034 57675 N 1 0 0 1 0 0 3
Refer: 101 772 N 1 0 0 1 463.5 122 2
Refer: 94 768 N 0.86012 0.45148 -0.351495 0.861865 631.508 372.031 2
Validated: 1
EndChar
