StartChar: uni1EC1
Encoding: 7873 7873 1600
Width: 478
Flags: HW
HStem: 543.319 131.361
VStem: 83.2197 268.561
AnchorPoint: "Bottom" 205 -15 basechar 0
LayerCount: 2
Fore
Refer: 393 58082 N 0.748341 -0.118739 0.302951 1.02151 117.735 59.0948 2
Refer: 231 58081 N 1 0 0 1 445 111 2
Refer: 272 101 N 1 0 0 1 0 0 2
EndChar
