StartChar: uni1E14
Encoding: 7700 7700 792
Width: 683
VWidth: 1159
Flags: W
HStem: -14 55<95.7273 142.082> 1 53<201.292 550.927> 311 55<199 482.271> 623 56<85 143.092 198.915 530.427> 667 20G<558 581> 740.969 44.2106<175 486>
VStem: 144 55<54.0551 311 366 622.835> 493 50<261.16 311.781 367.967 419.612> 524 54<547 625.272>
AnchorPoint: "Bottom" 327 -15 basechar 0
LayerCount: 2
Fore
Refer: 30 69 N 1 0 0 1 0 0 3
Refer: 160 58021 N 1 0 0 0.753689 182 158.763 2
Refer: 96 58019 N 0.995893 0.0794522 -0.0801533 0.773749 337.509 221.101 2
Validated: 9
Position2: "cpsp-1" dx=0 dy=0 dh=50 dv=100
EndChar
