StartChar: uni1EA7.smcp
Encoding: 57948 57948 2307
Width: 615
VWidth: 1159
Flags: W
HStem: -2.6859 65.8302<39.4664 85.8686 174.981 196.891 416.399 422.148 539.359 583.841> 148.372 64.0879<221.445 381.745> 525.319 129.361 553.984 20G<285.857 358.915>
VStem: 144.22 268.561
LayerCount: 2
Fore
Refer: 2030 57671 S 1 0 0 1 0 0 3
Refer: 471 58081 N 1 0 0 1 476 95 2
Refer: 94 768 N 0.782905 0.269867 0.00769009 0.706185 346.834 414.569 2
Validated: 5
EndChar
