StartChar: uni1EAF.smcp
Encoding: 57952 57952 2311
Width: 604
Flags: HW
HStem: -8 68<38.3653 85.7676 173.998 196 417 423.311> 0 59<540.002 585.395> 148 64<221 382> 554 20G<286 359> 700 76.7188<231.897 379.386>
VStem: 153.348 305.357
LayerCount: 2
Fore
Refer: 470 58080 N 0.745874 0.125851 -0.313113 1.02483 579.65 123.811 2
Refer: 105 774 N 1 0 0 1 489.5 -18 2
Refer: 2030 57671 N 1 0 0 1 0 0 3
EndChar
