StartChar: uni1E52
Encoding: 7762 7762 810
Width: 819
Flags: HW
HStem: -16 72<346.672 526.99> 616 73<284.654 475.048> 726 79.6085<270 581> 788.552 154.372
VStem: 46 119<261.919 449.449> 363.163 205.617 653 115<214.618 413.376>
LayerCount: 2
Fore
Refer: 90 58018 N 0.979715 -0.200396 0.200396 0.979715 194.072 99.2589 2
Refer: 160 58021 N 1 0 0 0.92955 253 20.2738 2
Refer: 40 79 N 1 0 0 1 0 0 2
Position2: "cpsp-1" dx=0 dy=0 dh=50 dv=100
EndChar
