StartChar: uni1EAF
Encoding: 7855 7855 845
Width: 452
VWidth: 1159
Flags: W
HStem: 620 55.7188<158.376 290.863>
VStem: 72.3477 48.0801<712.953 732.834> 329.624 48.0811<713.969 732.834>
AnchorPoint: "Bottom" 193 -15 basechar 0
LayerCount: 2
Fore
Refer: 470 58080 N 0.745874 0.0958213 -0.313113 0.780289 528.65 235.825 2
Refer: 105 774 N 1 0 0 1 399.5 44 2
Refer: 0 97 N 1 0 0 1 0 0 2
Validated: 5
EndChar
