StartChar: uni1E65
Encoding: 7781 7781 851
Width: 396
Flags: HW
HStem: 715.168 132.6<123.021 233.291>
VStem: 110.556 135.2<727.437 835.547>
AnchorPoint: "Bottom" 162 -15 basechar 0
LayerCount: 2
Fore
Refer: 470 58080 N 0.948683 0.316228 -0.316228 0.948683 572.143 61.2062 2
Refer: 49 775 N 1 0 0 1 380.156 47.468 2
Refer: 18 115 N 1 0 0 1 0 0 2
EndChar
