StartChar: uni1E95.smcp
Encoding: 57939 57939 2298
Width: 604
VWidth: 1159
Flags: W
HStem: -102.326 59.6523<144 403> -5.06965 21G<47.3257 78.7403> 2.37918 70.163<208.962 483.564> 489.069 75.1379<122.862 415.467>
LayerCount: 2
Fore
Refer: 532 817 N 1 0 0 1 468 0 2
Refer: 2055 57696 N 1 0 0 1 0 0 3
Validated: 5
EndChar
