StartChar: uni1ED3
Encoding: 7891 7891 853
Width: 550
VWidth: 0
Flags: W
HStem: -11 56<187.407 362.078> 445.319 129.361 461 56<198.623 363.762>
VStem: 20 56<152.781 332.952> 127.22 268.561 474 56<165.478 347.309>
AnchorPoint: "Bottom" 249 -15 basechar 0
LayerCount: 2
Fore
Refer: 94 768 S 0.782905 0.269867 0.00769009 0.706185 329.834 334.569 2
Refer: 471 58081 S 1 0 0 1 459 15 2
Refer: 14 111 N 1 0 0 1 0 0 2
Validated: 5
EndChar
