StartChar: uni1EAE
Encoding: 7854 7854 1563
Width: 733
UnlinkRmOvrlpSave: 1
Flags: HW
HStem: 658.447 78.834<286.023 456.147> 729.552 154.372
VStem: 212.765 317.471 314.163 205.617
AnchorPoint: "Bottom" 363 -15 basechar 0
LayerCount: 2
Fore
Refer: 2292 58018 N 0.873529 0.000644245 0.00523702 0.910792 286.253 100.116 2
Refer: 2307 58023 N 1 0 0 1 222 -75 2
Refer: 2288 65 N 1 0 0 1 0 0 2
Position2: "cpsp-1" dx=0 dy=0 dh=50 dv=100
EndChar
