StartChar: uni1FC1
Encoding: 8129 8129 1617
Width: 278
VWidth: 1043
Flags: W
HStem: 656.08 105.84<41.9941 136.006 217.994 312.006>
VStem: 34.82 108.36<663.114 754.915> 210.82 108.36<663.114 754.915>
AnchorPoint: "Top" 142.637 465 mark 0
LayerCount: 2
Fore
Refer: 1358 8128 N 0.997564 -0.0697565 0.0697565 0.997564 -25.2091 138.659 2
Refer: 1207 168 N 1 0 0 1 0 63 2
Validated: 1
EndChar
