StartChar: uni1EB0
Encoding: 7856 7856 1567
Width: 733
UnlinkRmOvrlpSave: 1
Flags: HW
HStem: 658.447 78.834<286.023 456.147> 728.331 154.372
VStem: 209.331 205.617 212.765 317.471
AnchorPoint: "Bottom" 363 -15 basechar 0
LayerCount: 2
Fore
Refer: 2352 58019 N 0.873529 -0.000644245 -0.00523702 0.910792 370.098 107.749 2
Refer: 2288 65 N 1 0 0 1 0 0 2
Refer: 2307 58023 N 1 0 0 1 224 -75 2
Position2: "cpsp-1" dx=0 dy=0 dh=50 dv=100
EndChar
