StartChar: uni1ED0
Encoding: 7888 7888 835
Width: 819
VWidth: 0
Flags: W
HStem: -15 56<293.35 522.401> 634 56<299.12 515.308>
VStem: 46 56<221.25 442.054> 712 56<223.429 440.074>
AnchorPoint: "Bottom" 416 -15 basechar 0
LayerCount: 2
Fore
Refer: 159 58020 N 1 0 0 1 286 -26 2
Refer: 90 58018 N 0.722277 -0.0866812 -0.0866812 0.857723 551.585 162.269 2
Refer: 40 79 N 1 0 0 1 0 0 2
Validated: 1
Position2: "cpsp-1" dx=0 dy=0 dh=50 dv=100
EndChar
