StartChar: uni1ED1.smcp
Encoding: 57969 57969 2328
Width: 659
VWidth: 1159
Flags: HW
HStem: -15.858 74.9411<273.024 431.504> 491.323 76.6295<237.92 401.754> 525.319 129.361
VStem: 34.0109 116.953<183.715 382.171> 195.22 268.561 525.047 108.837<167.936 363.427>
LayerCount: 2
Fore
Refer: 471 58081 N 1 0 0 1 527 95 2
Refer: 470 58080 N 0.745874 0.0958213 -0.313113 0.780289 737.65 323.825 2
Refer: 2044 57685 S 1 0 0 1 0 0 3
EndChar
