StartChar: uni1E3B.smcp
Encoding: 57894 57894 2253
Width: 574
VWidth: 1159
Flags: HW
HStem: -102.326 59.6523<120 379> -13.8627 21G<512.095 532.789> -4.47309 74.6567<62.0581 108.259> 3.00066 70.633<219.138 459.311> 501.252 71.2352<214.811 283.26>
VStem: 109.293 105.055<73.5735 494.152> 484.304 70.7327<90.2739 147.591>
LayerCount: 2
Fore
Refer: 532 817 N 1 0 0 1 484 0 2
Refer: 2041 57682 N 1 0 0 1 0 0 3
EndChar
