StartChar: uni1FAC
Encoding: 8108 8108 1586
Width: 442
Flags: W
HStem: -287 44.4951<482.881 553.245> -10 21G<231.117 235.904 788.863 793.642> 0.754883 75.3525<277.163 383.381 636.783 749.981> 518.048 23.76<-20.809 25.8394> 652.832 79.92<5.11204 50.0649> 657 49<395.08 583.066>
VStem: 58.031 48.6<558.997 638.051> 187 93<334.929 517.115> 221 40<91.9703 196.875> 441.95 65.9873<-241.952 -81.5438> 455.954 71.1582<-212.355 -79.5068> 745 101<323.745 498.491> 766 43<92.199 191.651>
LayerCount: 2
Fore
Refer: 961 890 N 1 0 0 1 436.422 8 2
Refer: 1578 8044 N 1 0 0 1 0 0 3
Validated: 1
EndChar
