StartChar: uni1EB5.smcp
Encoding: 57955 57955 2314
Width: 604
VWidth: 1159
Flags: HW
HStem: -2.6859 65.8302<39.4664 85.8686 174.981 196.891 416.399 422.148 539.359 583.841> 148.372 64.0879<221.445 381.745> 553.984 20G<285.857 358.915> 700 55.7188<239.376 371.863>
VStem: 153.348 48.0801<792.953 812.834> 410.624 48.0811<793.969 812.834>
AnchorPoint: "Bottom" 234 -15 basechar 0
LayerCount: 2
Fore
Refer: 2030 57671 S 1 0 0 1 0 0 3
Refer: 105 774 N 1 0 0 1 480.5 124 2
Refer: 100 771 N 0.994522 -0.104528 0.104528 0.994522 445.47 251.891 2
EndChar
