StartChar: uni1E4F.smcp
Encoding: 57904 57904 2263
Width: 659
VWidth: 1159
Flags: HW
HStem: -15.858 74.9411<273.024 431.504> 491.323 76.6295<237.92 401.754> 844.234 105.84<228.89 322.902 404.89 498.902>
VStem: 34.0109 116.953<183.715 382.171> 221.716 108.36<851.268 943.069> 397.716 108.36<851.268 943.069> 525.047 108.837<167.936 363.427>
LayerCount: 2
Fore
Refer: 97 776 N 1 0 0 1 538.896 251.154 2
Refer: 100 771 N 0.996195 -0.0871557 0.0871557 0.996195 495.96 105.684 2
Refer: 2044 57685 N 1 0 0 1 0 0 3
EndChar
