StartChar: uni26A8
Encoding: 9896 9896 2079
Width: 499
Flags: HW
HStem: -7.4004 48.1006<187.834 329.699> 363.9 44.5<171.609 312.908>
VStem: 43.8691 65.7002<126.333 296.786> 390.37 64.8008<109.678 279.972>
LayerCount: 2
Fore
Refer: 510 58114 N -0.23 -2.75645e-08 -6.19865e-08 -0.869566 366.024 477.711 2
Refer: 510 58114 N -2.75645e-08 0.23 -0.869566 6.19865e-08 251.403 398.944 2
Refer: 2080 9898 N 1 0 0 1 -0.480469 -85 2
Refer: 2045 8963 N 0.87 -3.83861e-07 3.83861e-07 0.87 108.086 146.943 2
EndChar
