StartChar: uni2152.alt
Encoding: 58447 58447 1734
Width: 938
UnlinkRmOvrlpSave: 1
Flags: HW
HStem: -89.5527 62.8281<748.712 845.261> -86.1309 55.8945<379.061 429.175 515.863 566.776> 201.349 56.335<385.746 433.741> 202.271 62.0498<736.073 833.176> 208.497 57.8887<514.909 564.24> 259.869 55.8945<35.0605 85.1751 171.863 222.776> 547.349 56.335<41.7461 89.7413> 554.497 57.8887<170.909 220.24>
VStem: 95.7441 69.0205<327.282 535.958> 439.744 69.0205<-18.7176 189.958> 630.432 77.7295<21.242 171.01> 872.127 74.4727<-0.149764 158.569>
LayerCount: 2
Fore
Refer: 1967 58112 N 0.197336 0.235176 -0.829881 0.696353 688.832 -29.5878 2
Refer: 937 8530 N 1 0 0 1 0 0 2
EndChar
