StartChar: uni2059
Encoding: 8281 8281 1988
Width: 541
Flags: HW
HStem: 0.443359 118.316<425.114 478.791> 1.44336 118.316<81.1145 134.791> 172.443 118.316<252.114 305.791> 344.443 118.316<425.114 478.791> 346.443 118.316<79.1145 132.791>
VStem: 48.6797 115.64<376.071 432.419> 50.6797 115.64<31.0707 87.4186> 221.68 115.64<202.071 258.419> 394.68 115.64<30.0707 86.4186 374.071 430.419>
LayerCount: 2
Fore
Refer: 635 46 N 1 0 0 1 170 172 2
Refer: 635 46 N 1 0 0 1 343 0 2
Refer: 635 46 N 1 0 0 1 343 344 2
Refer: 635 46 N 1 0 0 1 -1 1 2
Refer: 635 46 N 1 0 0 1 -3 346 2
EndChar
