StartChar: uni266E
Encoding: 9838 9838 1444
Width: 268
VWidth: 0
UnlinkRmOvrlpSave: 1
Flags: W
LayerCount: 2
Fore
Refer: 1970 58115 N 0.177 0.0541143 0 1.54545 44 477.943 2
Refer: 1970 58115 N 0.177 0.0541143 0 1.54545 44 232.943 2
Refer: 1968 58113 N 0 -0.563 0.9375 0 206 553 2
Refer: 1968 58113 N 0 -0.563 0.9375 0 59 770 2
EndChar
