StartChar: uni2249
Encoding: 8777 8777 2042
Width: 533
Flags: HW
HStem: 91.0001 92.8028<249.937 327.166> 160.128 92.0583<94.7697 180.297> 256 92.8028<249.937 327.166> 325.128 92.0583<94.7697 180.297>
LayerCount: 2
Fore
Refer: 173 8776 N 1 0 0 1 -21 0 2
Refer: 757 58113 N 0.209471 0.449212 -0.962952 0.449032 139.765 39.3942 2
EndChar
