StartChar: uni205C
Encoding: 8284 8284 2374
Width: 596
Flags: HW
HStem: 7.03716 118.316<91.5799 145.256> 7.33006 118.316<455.129 508.806> 372.587 118.316<455.129 508.806> 373.001 118.316<89.4584 143.135>
VStem: 59.0236 115.64<402.629 458.977> 61.1451 115.64<36.6645 93.0124> 424.695 115.64<36.9574 93.3053 402.215 458.563>
LayerCount: 2
Fore
Refer: 1968 58113 N -0.574999 3.92481e-017 -9.02707e-017 -1 585.5 248.172 2
Refer: 1968 58113 N 3.92481e-017 0.574999 -1 9.02707e-017 298 -39.3286 2
Refer: 48 46 N 1 0 0 1 373.015 6.8867 2
Refer: 48 46 N 1 0 0 1 373.015 372.144 2
Refer: 48 46 N 1 0 0 1 9.4654 6.5938 2
Refer: 48 46 N 1 0 0 1 7.3439 372.558 2
EndChar
