StartChar: uni266F
Encoding: 9839 9839 1443
Width: 277
UnlinkRmOvrlpSave: 1
Flags: HW
LayerCount: 2
Fore
Refer: 1970 58115 N 0.207 0.0632863 0 1.54545 37 229.357 2
Refer: 1970 58115 N 0.207 0.0632863 0 1.54545 37 474.357 2
Refer: 1968 58113 N 0 -0.754 0.9375 0 84 744 2
Refer: 1968 58113 N 0 -0.754 0.9375 0 199 770 2
EndChar
