StartChar: uni2042
Encoding: 8258 8258 1975
Width: 816
Flags: HW
HStem: 99.0995 20G<418.753 476.273>
VStem: 573.509 56.8506<17.778 156.13> 581.322 57<-0.302047 139.119>
LayerCount: 2
Fore
Refer: 188 42 N 0.5 -0.866025 0.866025 0.5 -308.626 138.523 2
Refer: 188 42 N -1 0 0 -1 814.329 676.785 2
Refer: 188 42 N -0.994522 0.104528 -0.104528 -0.994522 670.599 998.568 2
EndChar
