StartChar: zacute.smcp
Encoding: 57787 57787 2146
Width: 604
VWidth: 1159
Flags: W
HStem: -5.06965 21G<47.3257 78.7403> 2.37918 70.163<208.962 483.564> 489.069 75.1379<122.862 415.467> 711 189.38
VStem: 255.889 215.611
LayerCount: 2
Fore
Refer: 92 769 N 1 0 0 1 488.5 137 2
Refer: 2055 57696 N 1 0 0 1 0 0 3
Validated: 5
EndChar
