StartChar: zdotaccent.pcap
Encoding: 57464 57464 1717
Width: 537
Flags: HW
HStem: -7.74609 21G<44.0537 71.1475> 1.41309 74.1895<204.317 424.251> 423.605 75.7197<113.544 357> 594.175 109.65<232.502 329.498>
VStem: 225.1 111.8<601.462 696.568>
LayerCount: 2
Fore
Refer: 49 775 N 1 0 0 1 457 0 2
Refer: 668 57372 N 1 0 0 1 0 0 3
EndChar
