StartChar: zero.tabularliningalt
Encoding: 58423 58423 1729
Width: 533
VWidth: 1159
UnlinkRmOvrlpSave: 1
Flags: HW
HStem: -12 82<187.667 292.566> 579 77<173.624 279.304>
VStem: 16 85<193.849 468.748> 365 82<179.55 461.828>
LayerCount: 2
Fore
Refer: 1968 58113 S 0.319826 0.416815 -0.755029 0.556685 107.088 118.592 2
Refer: 682 58378 N 1 0 0 1 0 0 2
EndChar
