StartChar: zero.alt
Encoding: 58420 58420 2268
Width: 573
UnlinkRmOvrlpSave: 1
Flags: HW
HStem: -12 82<220.302 367.309> 431 77<209.556 352.22>
VStem: 51 85<162.78 347.8> 440 82<155.702 338.788>
LayerCount: 2
Fore
Refer: 757 58113 N 0.270678 0.327388 -0.72445 0.59507 153.154 85.7017 2
Refer: 2271 48 N 1 0 0 1 0 0 2
EndChar
