StartChar: zero.proportionalliningalt
Encoding: 58421 58421 1727
Width: 573
UnlinkRmOvrlpSave: 1
Flags: HW
HStem: -12 82<207.667 312.566> 579 77<193.624 299.304>
VStem: 36 85<193.849 468.748> 385 82<179.55 461.828>
LayerCount: 2
Fore
Refer: 1968 58113 N 0.319826 0.416815 -0.755029 0.556685 127.088 118.592 2
Refer: 901 58388 N 1 0 0 1 0 0 2
EndChar
