StartChar: zero.tabulartextalt
Encoding: 58422 58422 2281
Width: 533
UnlinkRmOvrlpSave: 1
Flags: HW
HStem: -12 82<200.302 347.309> 431 77<189.556 332.22>
VStem: 31 85<162.78 347.8> 420 82<155.702 338.788>
LayerCount: 2
Fore
Refer: 757 58113 N 0.270678 0.327388 -0.72445 0.59507 133.661 87.3062 2
Refer: 2280 58368 N 1 0 0 1 0 0 2
EndChar
