StartChar: zero.numeratoralt
Encoding: 58426 58426 1732
Width: 366
VWidth: 1159
UnlinkRmOvrlpSave: 1
Flags: HW
HStem: 256.447 62.8281<143.712 240.261> 548.271 62.0498<131.073 228.176>
VStem: 25.4316 77.7295<367.242 517.01> 267.127 74.4727<345.85 504.569>
LayerCount: 2
Fore
Refer: 1967 58112 N 0.197336 0.235176 -0.829881 0.696353 83.8321 316.412 2
Refer: 922 58408 N 1 0 0 1 0 0 2
EndChar
