StartChar: zero.alt
Encoding: 58420 58420 1726
Width: 502
VWidth: 1159
UnlinkRmOvrlpSave: 1
Flags: W
HStem: -12 56<203.448 370.333> 452 56<202.64 371.333>
VStem: 51 56<148.89 346.957> 466 56<152.318 351.577>
LayerCount: 2
Fore
Refer: 1968 58113 N 0.225171 0.273154 -0.723398 0.596323 176.415 113.423 2
Refer: 63 48 N 1 0 0 1 0 0 2
EndChar
