StartChar: zero.tabulartextalt
Encoding: 58422 58422 1728
Width: 463
VWidth: 1159
UnlinkRmOvrlpSave: 1
Flags: W
HStem: -12 56<183.448 350.333> 452 56<182.64 351.333>
VStem: 31 56<148.89 346.957> 446 56<152.318 351.577>
LayerCount: 2
Fore
Refer: 1968 58113 N 0.225171 0.273154 -0.723398 0.596323 156.415 114.423 2
Refer: 672 58368 N 1 0 0 1 0 0 2
EndChar
