StartChar: zkreska.smcp
Encoding: 58017 58017 2287
Width: 593
Flags: HW
HStem: -5.06965 21G<47.3257 78.7403> 2.37918 70.163<208.962 483.564> 489.069 75.1379<122.862 415.467>
LayerCount: 2
Fore
Refer: 475 57996 N 1 0 0 1 235 73 2
Refer: 2258 57696 N 1 0 0 1 0 0 3
EndChar
