StartChar: zkreska.pcap
Encoding: 58012 58012 2364
Width: 537
Flags: HW
HStem: -7.74609 21G<44.0537 71.1475> 1.41309 74.1895<204.317 424.251> 423.605 75.7197<113.544 357>
LayerCount: 2
Fore
Refer: 1192 57996 N 1 0 0 1 211 0 2
Refer: 668 57372 N 1 0 0 1 0 0 3
EndChar
