StartChar: aemacron.pcap
Encoding: 57488 57488 1789
Width: 781
Flags: HW
HStem: -12.4111 69.2412<344.907 373.913> -3.85449 60.8545<29.6871 70.7702> 1.47754 81.1045<473.41 661.258> 132 63<228 375.839> 215.033 69.6758<472.827 607.029> 386.355 118.057<636.684 701.117> 425.038 73.3164<472.838 635.726> 440.566 61.5957<274.688 293.661>
VStem: 375.839 96.2705<82.5677 127.898 196 215.033 284.709 420.886> 614.171 64.1045<189.023 215.166 285.754 309.672> 636.684 64.4336<386.355 423.657>
LayerCount: 2
Fore
Refer: 101 772 N 1 0 0 1 609 0 2
Refer: 1625 57379 N 1 0 0 1 0 0 3
EndChar
