StartChar: aringacute
Encoding: 507 507 709
Width: 493
Flags: HW
HStem: -10 97<93.7758 184.366 308.717 393.122> 485 20G<378.301 444.348> 534 53.6064<212.855 296.069> 687.864 51.6064<213.415 296.616>
VStem: 18.139 97.9414<96.1415 221.174> 150.82 53.2266<596.785 678.198> 306.033 50.2266<597.75 678.026>
LayerCount: 2
Fore
Refer: 470 58080 N 0.745874 0.0958213 -0.313113 0.780289 669.19 252.825 2
Refer: 98 778 N 1 0 0 1 431.04 -28 2
Refer: 0 97 N 1 0 0 1 0 0 3
EndChar
