StartChar: clickalveolar.smcp
Encoding: 57796 57796 2148
Width: 378
UnlinkRmOvrlpSave: 1
Flags: HW
HStem: 139.391 89.2172<60 318> 260.391 89.2172<60 318>
LayerCount: 2
Fore
Refer: 2146 57794 N 1 0 0 1 96 0 2
Refer: 1962 58114 N 0.258 0 0 1.17391 60 181 2
Refer: 1962 58114 N 0.258 0 0 1.17391 60 382 2
EndChar
