StartChar: emptyset
Encoding: 8709 8709 1493
Width: 575
UnlinkRmOvrlpSave: 1
Flags: HW
HStem: -12 82<220.302 367.309> 431 77<209.556 352.22>
VStem: 51 85<162.78 347.8> 440 82<155.702 338.788>
LayerCount: 2
Fore
Refer: 911 8260 N 1.05433 0.0720946 0.0720946 1.09567 23.9305 -49.2307 2
Refer: 63 48 N 1 0 0 1 0 0 2
EndChar
