StartChar: lslash.smcp
Encoding: 57759 57759 2112
Width: 574
UnlinkRmOvrlpSave: 1
Flags: W
HStem: -14 21G<512 533> -6 74<62 108.937> 1 71<214.266 459.39> 502 71<215.119 283.493>
VStem: 109 105<71.8608 495.125> 484 71<86.875 148>
LayerCount: 2
Fore
Refer: 321 823 N 0.789357 -0.462482 0.0283301 0.927954 416.346 -36.4547 2
Refer: 2034 57682 N 1 0 0 1 0 0 3
EndChar
