StartChar: onetenth.afrcalt
Encoding: 58449 58449 1729
Width: 533
UnlinkRmOvrlpSave: 1
Flags: W
HStem: -1.19043 58.0342<64.6934 98.2954 178.602 198.507 351.365 438.084> 215.84 58.3115<119.117 133.432 363.409 449.216> 314.875 54.25<104 573> 416 56.0625<273.934 315.972 396.939 441.932> 632.525 56.2988<280.552 319.816> 639.6 56.3701<398.169 438.347>
VStem: 325.888 65.4014<480.729 625.134>
LayerCount: 2
Fore
Refer: 1960 58112 S 0.158766 0.18264 -0.75471 0.656059 319.617 43.6801 2
Refer: 1417 58445 N 1 0 0 1 0 0 2
EndChar
