StartChar: uni0249
Encoding: 585 585 2469
Width: 330
Flags: HW
HStem: 174.539 60.4625<16.0016 314> 353 75<183 253> 609.7 132.6<320.361 412.603>
VStem: 298.895 135.2<630.313 721.763>
LayerCount: 2
Fore
Refer: 441 821 N 0.999995 0 0 0.90921 342 -274.383 2
Refer: 9 106 N 1 0 0 1 50 0 2
EndChar
