StartChar: uni0230
Encoding: 560 560 790
Width: 792
Flags: W
HStem: -16 56<238.64 462.15> 632 57<374.955 596.571> 712.585 57.5816<372.902 447.128> 805.499 47.0543<256 567>
VStem: 367.177 85.6792<716.766 766.002>
LayerCount: 2
Fore
Refer: 40 79 N 1 0 0 1 0 0 3
Refer: 164 58025 N 1 0 0 0.769359 332 128.966 2
Refer: 160 58021 N 1 0 0 0.802169 263 201.887 2
Position2: "cpsp-1" dx=0 dy=0 dh=50 dv=100
EndChar
