StartChar: uni0289
Encoding: 649 649 2482
Width: 536
Flags: HW
HStem: -11 55<179 280> 338 31<299 358> 569.253 54.719<203.741 343.003>
VStem: 77 76<71 327> 140.321 28.081<511.167 524.611> 366 65<36 52 75 331> 377.598 28.08<511.167 527.475>
LayerCount: 2
Fore
Refer: 441 821 N 1.58389 0 0 0.90921 537.349 -274.383 2
Refer: 20 117 N 1 0 0 1 0 0 3
EndChar
