StartChar: uni024D
Encoding: 589 589 2471
Width: 430
Flags: HW
HStem: 207.875 61.25<29.9876 313.988> 406 20G<312.687 333.187> 413 20G<144.687 170.687 312.687 333.187>
VStem: 34.6874 19<295.105 306.953> 45.6874 68<0 66.3041>
LayerCount: 2
Fore
Refer: 441 821 N 0.95302 0 0 0.921053 340.672 -246.895 2
Refer: 17 114 N 1 0 0 1 0 0 3
EndChar
