StartChar: uni023A
Encoding: 570 570 1759
Width: 715
UnlinkRmOvrlpSave: 1
Flags: HW
LayerCount: 2
Fore
Refer: 1961 58113 N 0.511902 0.819214 -0.901051 0.563039 108.092 -68.1662 2
Refer: 26 65 N 1 0 0 1 0 0 2
EndChar
