StartChar: uni01D8.smcp
Encoding: 57807 57807 2159
Width: 673
Flags: W
HStem: -12 84<277.033 457.515> 497 65<54.8889 97.3068 204.007 240.131 607.22 650.378> 549 20G<483.71 495.5 644.5 652.37> 591.08 105.84<257.494 351.506 433.494 527.506>
VStem: 102 102<145.953 494.813> 250.32 108.36<598.114 689.915> 426.32 108.36<598.114 689.915> 524 83<144.403 496.413>
LayerCount: 2
Fore
Refer: 470 58080 N 0.994713 0.102691 -0.102691 0.994713 563.934 165.989 2
Refer: 97 776 N 1 0 0 1 532.5 -2 2
Refer: 2043 57691 N 1 0 0 1 0 0 3
EndChar
