StartChar: uni024F
Encoding: 591 591 2473
Width: 470
Flags: HW
HStem: 260.539 60.4625<3.01481 467.013> 388 20G<89.8889 103.43>
VStem: 10.8897 22<273 332.219>
LayerCount: 2
Fore
Refer: 441 821 N 1.55704 0 0 0.90921 510.61 -188.383 2
Refer: 24 121 N 1 0 0 1 0 0 3
EndChar
