StartChar: uni0247
Encoding: 583 583 1998
Width: 447
UnlinkRmOvrlpSave: 1
Flags: HW
HStem: -15 51<134.023 228.542> 367 54<185.054 256.389>
VStem: 36.0347 71.9619<61.4685 197.627> 273.505 60<289.245 349.853>
LayerCount: 2
Fore
Refer: 1961 58113 N 0.305886 0.586748 -0.83249 0.432537 90.558 -47.3742 2
Refer: 4 101 N 1 0 0 1 0 0 2
EndChar
