StartChar: uni024F
Encoding: 591 591 2473
Width: 449
Flags: W
HStem: 260.539 60.4625<24.003 488.001> 388 20G<110.877 124.418>
VStem: 31.8778 22<273 332.219>
LayerCount: 2
Fore
Refer: 441 821 N 1.55704 0 0 0.90921 531.598 -188.383 2
Refer: 24 121 N 1 0 0 1 0 0 3
EndChar
