StartChar: uni0268
Encoding: 616 616 2478
Width: 277
Flags: HW
HStem: 207.875 61.25<41.0002 296> 354 75<142.386 213.386> 609.7 132.6<226.747 318.989>
VStem: 61.3857 202 205.281 135.2<630.313 721.763>
LayerCount: 2
Fore
Refer: 441 821 N 0.855705 0 0 0.921053 319.96 -246.895 2
Refer: 8 105 N 1 0 0 1 0 0 3
EndChar
