StartChar: uni024D
Encoding: 589 589 2471
Width: 426
Flags: W
HStem: 207.875 61.25<37.0005 321> 406 20G<319.7 340.2> 413 20G<151.7 177.7 319.7 340.2>
VStem: 41.7002 19<295.105 306.953> 52.7002 68<0 66.3041>
LayerCount: 2
Fore
Refer: 441 821 N 0.95302 0 0 0.921053 347.685 -246.895 2
Refer: 17 114 N 1 0 0 1 0 0 3
EndChar
