StartChar: uni0246
Encoding: 582 582 1760
Width: 648
UnlinkRmOvrlpSave: 1
Flags: HW
HStem: -14 65<25.7609 84.9054> 1 76<197.774 476.37> 306 69<256.233 424.226> 612 67<152.125 197.482 303.444 509.41> 667 20G<578.36 597.063>
VStem: 430.32 65.041<262.709 305.992> 524.092 60.0625<531 601.873>
LayerCount: 2
Fore
Refer: 1961 58113 N 0.512153 0.819214 -0.901492 0.563039 57.4234 -68.1662 2
Refer: 30 69 N 1 0 0 1 0 0 2
EndChar
