StartChar: uni024D
Encoding: 589 589 2471
Width: 404
Flags: HW
HStem: 207.875 61.25<29.9953 313.995> 406 20G<312.695 333.195> 413 20G<144.695 170.695 312.695 333.195>
VStem: 34.695 19<295.105 306.953> 45.695 68<0 66.3041>
LayerCount: 2
Fore
Refer: 441 821 N 0.95302 0 0 0.921053 340.68 -246.895 2
Refer: 17 114 N 1 0 0 1 0 0 3
EndChar
