StartChar: uni033B
Encoding: 827 827 870
Width: 0
UnlinkRmOvrlpSave: 1
Flags: HW
AnchorPoint: "Bottom" -195.551 -12 mark 0
LayerCount: 2
Fore
Refer: 1961 58113 N -0.146 0 -0.157703 -0.732135 -154.096 -153.5 2
Refer: 1961 58113 N -0.146 0 -0.157703 -0.745963 -133.179 -59.8872 2
Refer: 1961 58113 N 0.0292057 0.1351 -0.770981 0 -283.106 -174.1 2
Refer: 1961 58113 S 0.0294727 0.1351 -0.77803 0 -179.881 -174.1 2
EndChar
