StartChar: uni0268
Encoding: 616 616 2478
Width: 321
Flags: HW
HStem: 207.875 61.25<53.5717 308.572> 354 75<154.957 225.957> 634.231 83.5374<232.555 306.346>
VStem: 73.9572 202 226.864 85.1754<640.297 711.727>
LayerCount: 2
Fore
Refer: 441 821 N 0.855705 0 0 0.921053 332.532 -246.895 2
Refer: 8 105 N 1 0 0 1 0 0 3
EndChar
