StartChar: uni01B6
Encoding: 438 438 1753
Width: 454
UnlinkRmOvrlpSave: 1
Flags: HW
HStem: -79 29<296.446 327.102> 222.539 60.4625<103.999 457.999> 399 20G<158.05 173.55>
VStem: 332.05 68<-39.3516 32.8313>
LayerCount: 2
Fore
Refer: 441 821 N 1.18792 0 0 0.90921 491.261 -226.383 2
Refer: 25 122 N 1 0 0 1 0 0 2
EndChar
