StartChar: uni022A
Encoding: 554 554 786
Width: 792
Flags: W
HStem: -16 56<238.64 462.15> 632 57<374.955 596.571> 710.917 57.2665<287.994 348.03 479.994 540.03> 806.948 46.76<258 569>
VStem: 283.364 69.2994<715.075 764.042> 475.364 69.2994<715.075 764.042>
LayerCount: 2
Fore
Refer: 40 79 N 1 0 0 1 0 0 3
Refer: 163 58024 N 1 0 0 0.843226 264 60.7531 2
Refer: 160 58021 N 1 0 0 0.797152 265 207.111 2
Position2: "cpsp-1" dx=0 dy=0 dh=50 dv=100
EndChar
