StartChar: uni023B
Encoding: 571 571 1761
Width: 726
UnlinkRmOvrlpSave: 1
Flags: HW
HStem: -16 75<283.952 490.565> 616 72<372.172 586.699>
VStem: 640.502 71.5645<501.031 572.494>
LayerCount: 2
Fore
Refer: 1961 58113 N 0.512153 0.819214 -0.901492 0.563039 127.423 -68.1662 2
Refer: 28 67 N 1 0 0 1 0 0 2
EndChar
