StartChar: uni0289
Encoding: 649 649 2482
Width: 536
Flags: W
HStem: -18 56<286.605 378.674> -10 70<78.1053 168.105> 174.539 60.4625<21.0009 493> 341 75<119.105 178.105> 387 20G<430.605 438.105>
LayerCount: 2
Fore
Refer: 441 821 N 1.58389 0 0 0.90921 537.349 -274.383 2
Refer: 20 117 N 1 0 0 1 0 0 3
EndChar
