StartChar: uni0289
Encoding: 649 649 2482
Width: 517
Flags: HW
HStem: -18 56<274.079 366.148> -10 70<65.5792 155.579> 174.539 60.4625<8.47477 480.474> 341 75<106.579 165.579> 387 20G<418.079 425.579>
LayerCount: 2
Fore
Refer: 441 821 N 1.58389 0 0 0.90921 524.823 -274.383 2
Refer: 20 117 N 1 0 0 1 0 0 3
EndChar
