StartChar: uni0249
Encoding: 585 585 2469
Width: 330
Flags: W
HStem: 174.539 60.4625<16.0016 314> 353 75<183 253> 634.231 83.5374<295.598 369.388>
VStem: 289.907 85.1754<640.297 711.727>
LayerCount: 2
Fore
Refer: 441 821 N 0.999995 0 0 0.90921 342 -274.383 2
Refer: 9 106 N 1 0 0 1 50 0 2
EndChar
