StartChar: uni01B6
Encoding: 438 438 1753
Width: 414
UnlinkRmOvrlpSave: 1
Flags: HW
HStem: -79 29<276.764 307.42> 222.539 60.4625<84.3172 438.317> 399 20G<138.368 153.868>
VStem: 312.368 68<-39.3516 32.8313>
LayerCount: 2
Fore
Refer: 441 821 N 1.18792 0 0 0.90921 471.579 -226.383 2
Refer: 25 122 N 1 0 0 1 0 0 2
EndChar
