StartChar: uni024E
Encoding: 590 590 2472
Width: 674
Flags: W
HStem: -6 72<157.515 264.493 380.259 450.252> 496.625 57.75<-15.9997 668> 604 74<268.656 312.854 660.258 737.512> 611 75<268.749 313.725 558.944 575.41 668.265 737.512>
LayerCount: 2
Fore
Refer: 455 58036 N 0.869123 0 0 0.916667 695.812 42.4167 2
Refer: 57 89 N 1 0 0 1 0 0 3
EndChar
