StartChar: uni022C
Encoding: 556 556 788
Width: 792
Flags: W
HStem: -16 56<238.64 462.15> 632 57<374.955 596.571> 691 18.3885G<260.527 316.291> 694.86 75.3051<424.651 500.467> 736.311 74.8203<330.91 411.756> 834.63 49.6009<267.253 578.253>
VStem: 251.468 324.946
LayerCount: 2
Fore
Refer: 40 79 N 1 0 0 1 0 0 3
Refer: 161 58022 N 1 0 0 0.875641 248 34.2696 2
Refer: 160 58021 N 1 0 0 0.845582 274.253 198.351 2
Position2: "cpsp-1" dx=0 dy=0 dh=50 dv=100
EndChar
