StartChar: uni022A
Encoding: 554 554 786
Width: 792
Flags: HW
HStem: -16 72<348.672 528.99> 616 73<286.654 477.048> 694.1 90.8999<273.142 362.858 465.142 554.858> 798.598 63.4601<258 569>
VStem: 48 119<261.919 449.449> 263 110<702.511 776.622> 455 110<702.511 776.622> 655 115<214.618 413.376>
LayerCount: 2
Fore
Refer: 40 79 N 1 0 0 1 0 0 3
Refer: 163 58024 N 1 0 0 0.843226 264 60.7531 2
Refer: 160 58021 N 1 0 0 0.797152 265 207.111 2
Position2: "cpsp-1" dx=0 dy=0 dh=50 dv=100
EndChar
