StartChar: uni024F
Encoding: 591 591 2473
Width: 425
Flags: HW
HStem: 260.539 60.4625<-6.99392 457.004> 388 20G<79.8801 93.4211>
VStem: 0.880919 22<273 332.219>
LayerCount: 2
Fore
Refer: 441 821 N 1.55704 0 0 0.90921 500.601 -188.383 2
Refer: 24 121 N 1 0 0 1 0 0 3
EndChar
