StartChar: uni023C
Encoding: 572 572 1997
Width: 417
UnlinkRmOvrlpSave: 1
Flags: W
HStem: -15 53<138.182 225.442> 359 63<200.827 292.797>
VStem: 31.8294 74.9532<71.9391 229.688>
LayerCount: 2
Fore
Refer: 1961 58113 N 0.305886 0.586748 -0.83249 0.432537 87.5574 -47.3742 2
Refer: 2 99 N 1 0 0 1 0 0 2
EndChar
