StartChar: uni01D8.pcap
Encoding: 57483 57483 1784
Width: 608
Flags: W
HStem: -11 83<248.109 407.197> 440 64<52.3636 85.8538 190.005 215.75 428 460.266 542.153 575.38> 486 20G<569.5 577.408> 534.08 105.84<218.494 312.506 394.494 488.506>
VStem: 91 99<206.601 434.414> 211.32 108.36<541.114 632.915> 387.32 108.36<541.114 632.915> 458 84<126.849 434.429>
LayerCount: 2
Fore
Refer: 470 58080 N 0.994713 0.102691 -0.102691 0.994713 524.934 108.989 2
Refer: 97 776 N 1 0 0 1 493.5 -59 2
Refer: 663 57367 N 1 0 0 1 0 0 3
EndChar
