StartChar: uni01E0
Encoding: 480 480 784
Width: 715
UnlinkRmOvrlpSave: 1
Flags: W
HStem: -177 78.1279<-199.919 -98.3319> 0.542969 50.457<-136.281 -117.822> 694.624 66.8273<333.348 431.192> 805.499 47.0543<229 540>
VStem: -272.816 98.4385<-124.671 -35.1372> 325.802 112.941<699.477 756.619>
LayerCount: 2
Fore
Refer: 164 58025 N 1.31818 0 0 0.892892 279.432 17.296 2
Refer: 160 58021 N 1 0 0 0.802169 236 201.887 2
Refer: 26 65 N 1 0 0 1 0 0 3
Position2: "cpsp-1" dx=0 dy=0 dh=50 dv=100
EndChar
