StartChar: uni0247
Encoding: 583 583 1998
Width: 436
UnlinkRmOvrlpSave: 1
Flags: W
HStem: -15 51<132.022 226.541> 367 54<183.053 254.388>
VStem: 34.0341 71.9619<61.4685 197.627> 271.504 60<289.245 349.853>
LayerCount: 2
Fore
Refer: 1961 58113 N 0.305886 0.586748 -0.83249 0.432537 88.5574 -47.3742 2
Refer: 4 101 N 1 0 0 1 0 0 2
EndChar
