StartChar: uni0243
Encoding: 579 579 1756
Width: 640
UnlinkRmOvrlpSave: 1
Flags: W
HStem: -4 38<-2.97646 72.9443 168.149 346.524> 174 56<80.0776 387.077> 349 30<239.024 374.228> 653 41<166.024 213.337 316.608 437.009>
LayerCount: 2
Fore
Refer: 452 58035 N 0.87714 0 0 1 433.565 -150 2
Refer: 27 66 N 1 0 0 1 0 0 2
EndChar
