StartChar: uni0289
Encoding: 649 649 2482
Width: 508
Flags: HW
HStem: -18 56<271.079 363.148> -10 70<62.5789 152.579> 174.539 60.4625<5.47449 477.474> 341 75<103.579 162.579> 387 20G<415.079 422.579>
LayerCount: 2
Fore
Refer: 441 821 N 1.58389 0 0 0.90921 521.823 -274.383 2
Refer: 20 117 N 1 0 0 1 0 0 3
EndChar
