StartChar: uni0246
Encoding: 582 582 1760
Width: 648
UnlinkRmOvrlpSave: 1
Flags: HW
HStem: -14 65<95.7077 142.082> 1 76<254.078 526.75> 306 69<254 469.271> 612 67<85 143.054 256.953 516.686> 667 20G<558 581>
VStem: 144 110<77.9826 305 374 607.868> 480 63<261.095 305.939 375.112 419.629> 519 59<543 603.369> 568 59<127.365 143.729>
LayerCount: 2
Fore
Refer: 1961 58113 N 0.512153 0.819214 -0.901492 0.563039 57.4234 -68.1662 2
Refer: 30 69 N 1 0 0 1 0 0 2
EndChar
