StartChar: uni022D
Encoding: 557 557 789
Width: 490
Flags: W
HStem: -10 55<125.983 257.332> 450 57<239.007 366.724> 545.071 79.4233<298.331 366.951> 588.789 78.912<213.486 286.66>
VStem: 31.0957 55.9043<87.0703 286.368> 141.584 294.106 403 56<208.747 411.031>
LayerCount: 2
Fore
Refer: 14 111 N 1 0 0 1 0 0 3
Refer: 100 771 N 1 0 0 0.923527 459 7.20134 2
Refer: 101 772 N 1 0 0 1 452.896 100.224 2
EndChar
