StartChar: uni1EB5
Encoding: 7861 7861 844
Width: 491
Flags: W
HStem: -10 97<94.2354 184.826 309.177 393.582> 485 20G<378.761 444.808> 546 76.7188<178.897 326.386>
VStem: 18.5986 97.9414<96.1415 221.174> 100.348 305.357
AnchorPoint: "Bottom" 193 -15 basechar 0
LayerCount: 2
Fore
Refer: 105 774 N 1 0 0 1 427.5 -30 2
Refer: 0 97 N 1 0 0 1 0 0 2
Refer: 100 771 N 0.994522 -0.104528 0.104528 0.994522 337.47 87.891 2
EndChar
