StartChar: uni1E65
Encoding: 7781 7781 851
Width: 389
Flags: HW
HStem: -10.1663 54.1517<64.1162 187.58> 369 47<189.157 265.577> 654.699 83.5374<230.276 304.066>
VStem: 88.7775 70.1657<259.483 332.875> 203.028 68.2592<62.772 153.436> 224.585 85.1754<660.765 732.195> 293.12 44<317.5 339.554>
AnchorPoint: "Bottom" 162 -15 basechar 0
LayerCount: 2
Fore
Refer: 470 58080 N 0.948683 0.316228 -0.316228 0.948683 596.143 61.2062 2
Refer: 49 775 N 1 0 0 1 404.156 47.468 2
Refer: 18 115 N 1 0 0 1 0 0 2
EndChar
