StartChar: uni1EBF
Encoding: 7871 7871 864
Width: 436
Flags: W
HStem: -15 51<132.022 226.541> 367 54<183.053 254.388> 539.319 131.361
VStem: 34.0341 71.9619<61.4685 197.627> 125.22 268.561 271.504 60<289.245 349.853>
AnchorPoint: "Bottom" 205 -15 basechar 0
LayerCount: 2
Fore
Refer: 470 58080 N 0.745874 0.125851 -0.313113 1.02483 652.65 98.8114 2
Refer: 471 58081 N 1 0 0 1 457 111 2
Refer: 4 101 N 1 0 0 1 0 0 2
EndChar
