StartChar: uni1FCA
Encoding: 8138 8138 2384
Width: 1030
Flags: HW
HStem: -7 76<188 249.81 732.132 776.07> 311 68<365 781> 617 69<723.594 775.451> 623 70<897.152 940.5>
VStem: 255 110<69.0823 311 379 605.175> 776 120<385.053 613.034> 781 106<72.4788 312 379 499.728>
LayerCount: 2
Fore
Refer: 2379 8175 N 0.942898 -0.566521 0.566521 0.942898 -418.995 128.56 2
Refer: 982 919 N 1 0 0 1 137 0 2
EndChar
