StartChar: uni1E1F
Encoding: 7711 7711 545
Width: 401
Flags: W
HStem: -326 36<-133.616 -92.9902> 341 42<184.488 322.356> 697 57<339.417 429.04> 759.661 71.3786<164.556 229.286>
VStem: 159.563 74.7176<764.845 825.878>
LayerCount: 2
Fore
Refer: 49 775 N 0.877221 0 0 0.854451 317.087 240.812 2
Refer: 5 102 N 1 0 0 1 0 0 3
EndChar
