StartChar: uni1FEA
Encoding: 8170 8170 2386
Width: 907
Flags: HW
HStem: -8 74<392.324 481.65 601.494 689.486> 568 21G<216.302 238.085 841.915 863.698> 584 108<250.145 353.993 726.127 830.14>
VStem: 489.377 101.022<78.2118 338.5>
LayerCount: 2
Fore
Refer: 2379 8175 N 0.942898 -0.566521 0.566521 0.942898 -418.995 128.56 2
Refer: 995 933 N 1 0 0 1 173 0 2
EndChar
