StartChar: uni1E9C
Encoding: 7836 7836 740
Width: 267
UnlinkRmOvrlpSave: 1
Flags: HW
HStem: -7 66<-29 34.2825> 437 56<-31 40.9791> 670 79<185.739 302.912>
VStem: 47 83<84.5941 437 497.468 553.142>
LayerCount: 2
Fore
Refer: 321 823 N 0.827634 -0.573068 -0.0680411 0.993436 353.073 -95.4996 2
Refer: 445 383 N 1 0 0 1 0 0 3
EndChar
