StartChar: uni1E4D
Encoding: 7757 7757 805
Width: 490
Flags: W
HStem: -10 55<125.983 257.332> 450 57<239.007 366.724> 548.408 86<398.331 466.951> 595.746 85.4463<313.486 386.66>
VStem: 31.0957 55.9043<87.0703 286.368> 241.584 294.106 403 56<208.747 411.031>
LayerCount: 2
Back
Refer: 470 58080 N 1 0 0 1 388 117 2
Refer: 100 771 N 1 0 0 1 471 45 2
Refer: 14 111 N 1 0 0 1 0 0 3
Fore
Refer: 470 58080 N 0.635145 0.772393 -0.772393 0.635145 706.078 355.521 2
Refer: 100 771 N 1 0 0 1 559 -34 2
Refer: 14 111 N 1 0 0 1 0 0 3
EndChar
