StartChar: uni1ED1
Encoding: 7889 7889 852
Width: 490
Flags: W
HStem: -10 55<125.983 257.332> 450 57<239.007 366.724> 539.319 131.361
VStem: 31.0957 55.9043<87.0703 286.368> 158.22 268.561 403 56<208.747 411.031>
AnchorPoint: "Bottom" 249 -15 basechar 0
LayerCount: 2
Fore
Refer: 470 58080 N 0.745874 0.125851 -0.313113 1.02483 685.65 98.8114 2
Refer: 14 111 N 1 0 0 1 0 0 2
Refer: 471 58081 N 1 0 0 1 490 111 2
EndChar
