StartChar: uni1FEB
Encoding: 8171 8171 2387
Width: 844
Flags: HW
HStem: -8 74<329.324 418.65 538.494 626.486> 568 21G<153.302 175.085 778.915 800.698> 584 108<187.145 290.993 663.127 767.14>
VStem: 426.377 101.022<78.2118 338.5>
LayerCount: 2
Fore
Refer: 1611 8189 N 0.912345 0.614516 -0.614516 0.912345 336.556 -17.0538 2
Refer: 995 933 N 1 0 0 1 110 0 2
EndChar
