StartChar: uni1E66
Encoding: 7782 7782 812
Width: 563
UnlinkRmOvrlpSave: 1
Flags: W
HStem: -14 77<171.634 343.191> -1 21G<3.28672 68.9244> 613 74<279.446 459.37> 813.26 74.8436<271.402 345.628>
VStem: 3.28672 62.1494<2.54947 24.1148> 20.9723 69.125<145.497 185> 265.677 85.6792<818.695 882.691>
AnchorPoint: "Bottom" 297 -15 basechar 0
LayerCount: 2
Fore
Refer: 44 83 N 1 0 0 1 0 0 2
Refer: 167 58028 N 1 0 0 1 168 -63 2
Refer: 164 58025 N 1 0 0 1 230.5 54.6816 2
Position2: "cpsp-1" dx=0 dy=0 dh=50 dv=100
EndChar
