StartChar: uni1EA5
Encoding: 7845 7845 839
Width: 493
Flags: HW
HStem: -10 97<93.7758 184.366 308.717 393.122> 485 20G<378.301 444.348> 539.319 131.361
VStem: 18.139 97.9414<96.1415 221.174> 111.76 268.561
AnchorPoint: "Bottom" 193 -15 basechar 0
LayerCount: 2
Fore
Refer: 470 58080 N 0.745874 0.125851 -0.313113 1.02483 639.19 98.8114 2
Refer: 471 58081 N 1 0 0 1 443.54 111 2
Refer: 0 97 N 1 0 0 1 0 0 2
EndChar
