StartChar: uni1FCA
Encoding: 8138 8138 2384
Width: 1030
Flags: W
HStem: -7 76<131.887 210.304 325.362 362.573 678.478 738.036 849.992 888.423> 0 69<131.928 210.304> 311 68<385.135 788.894> 615 72<273.629 317.21 442.874 503.087 809.524 845.998> 623 70<965.856 1027.88>
LayerCount: 2
Fore
Refer: 2379 8175 N 0.942898 -0.566521 0.566521 0.942898 -418.995 128.56 2
Refer: 982 919 N 1 0 0 1 137 0 2
EndChar
