StartChar: uni1E17
Encoding: 7703 7703 795
Width: 447
Flags: HW
HStem: -15 51<134.023 228.542> 367 54<185.054 256.389>
VStem: 36.0347 71.9619<61.4685 197.627> 273.505 60<289.245 349.853>
AnchorPoint: "Bottom" 205 -15 basechar 0
LayerCount: 2
Fore
Refer: 470 58080 N 0.998472 0.055258 -0.055258 0.998472 463.189 120.252 2
Refer: 101 772 N 1 0 0 1 428.501 -22 2
Refer: 4 101 N 1 0 0 1 0 0 3
EndChar
