StartChar: uni1FCC
Encoding: 8140 8140 1482
Width: 858
Flags: W
HStem: -174 67.4951<432.481 513.39> -7 76<-5.11286 73.3043 188.362 225.573 541.478 601.036 712.992 751.423> 0 69<-5.07228 73.3043> 311 68<248.135 651.894> 615 72<136.629 180.21 305.874 366.087 672.524 708.998> 623 70<828.856 890.879>
VStem: 385.95 101.987<-106.459 -37.5539>
LayerCount: 2
Fore
Refer: 961 890 N 1 0 0 1 374.422 0 2
Refer: 982 919 N 1 0 0 1 0 0 2
EndChar
