StartChar: uni1ED1.smcp
Encoding: 57969 57969 2321
Width: 659
Flags: HW
HStem: -13 75<274.971 431.469> 497 77<238.2 401.869> 584.319 131.361
VStem: 34 117<188.562 387.446> 193.22 268.561 525 109<172.815 368.674>
LayerCount: 2
Fore
Refer: 470 58080 N 0.745874 0.125851 -0.313113 1.02483 720.65 131.811 2
Refer: 471 58081 N 1 0 0 1 525 156 2
Refer: 2037 57685 N 1 0 0 1 0 0 3
EndChar
