StartChar: uni1EA7
Encoding: 7847 7847 840
Width: 491
Flags: W
HStem: -10 97<94.2354 184.826 309.177 393.582> 485 20G<378.761 444.808> 539.319 131.361
VStem: 18.5986 97.9414<96.1415 221.174> 112.22 268.561
AnchorPoint: "Bottom" 193 -15 basechar 0
LayerCount: 2
Fore
Refer: 472 58082 N 0.748341 -0.118739 0.302951 1.02151 116.735 59.0948 2
Refer: 471 58081 N 1 0 0 1 444 111 2
Refer: 0 97 N 1 0 0 1 0 0 2
EndChar
