StartChar: uni1EC1
Encoding: 7873 7873 865
Width: 447
Flags: HW
HStem: -15 51<134.023 228.542> 367 54<185.054 256.389> 539.319 131.361
VStem: 36.0347 71.9619<61.4685 197.627> 126.22 268.561 273.505 60<289.245 349.853>
AnchorPoint: "Bottom" 205 -15 basechar 0
LayerCount: 2
Fore
Refer: 472 58082 N 0.748341 -0.118739 0.302951 1.02151 130.736 59.0948 2
Refer: 471 58081 N 1 0 0 1 458.001 111 2
Refer: 4 101 N 1 0 0 1 0 0 2
EndChar
