StartChar: uni1E4D.pcap
Encoding: 57579 57579 1936
Width: 591
Flags: HW
HStem: -12 77<238 380.814> 433 79<207.486 352.49> 548.408 86<403.331 471.951> 595.746 85.4463<318.486 391.66>
VStem: 27 115<161.882 350.475> 246.584 294.106 453 105<152.614 330.102>
LayerCount: 2
Fore
Refer: 470 58080 N 0.635145 0.772393 -0.772393 0.635145 711.078 355.521 2
Refer: 100 771 N 1 0 0 1 564 -34 2
Refer: 657 57361 N 1 0 0 1 0 0 3
EndChar
