StartChar: uni1E1F
Encoding: 7711 7711 545
Width: 398
Flags: HW
HStem: -326 36<-126.154 -85.5284> 341 42<191.95 329.818> 697 57<346.879 436.502> 759.661 71.3786<172.017 236.748>
VStem: 167.025 74.7176<764.845 825.878>
LayerCount: 2
Fore
Refer: 49 775 N 0.877221 0 0 0.854451 324.549 240.812 2
Refer: 5 102 N 1 0 0 1 0 0 3
EndChar
