StartChar: uni1FDB
Encoding: 8155 8155 2381
Width: 559
Flags: HW
HStem: -8 72<127.154 241.108 357.546 434.766> 0 65<127.154 242.117> 616 76<270.387 352.087 476.84 573.21>
LayerCount: 2
Fore
Refer: 1611 8189 N 0.912345 0.614516 -0.614516 0.912345 336.556 -17.0538 2
Refer: 984 921 N 1 0 0 1 106 0 2
EndChar
