StartChar: uni1E15
Encoding: 7701 7701 793
Width: 436
Flags: W
HStem: -15 51<132.022 226.541> 367 54<183.053 254.388>
VStem: 34.0341 71.9619<61.4685 197.627> 271.504 60<289.245 349.853>
AnchorPoint: "Bottom" 205 -15 basechar 0
LayerCount: 2
Fore
Refer: 472 58082 N 0.998734 -0.0503045 0.0503045 0.998734 396.006 102.426 2
Refer: 4 101 N 1 0 0 1 0 0 3
Refer: 101 772 N 1 0 0 1 426.5 -22 2
EndChar
