StartChar: uni1F8C
Encoding: 8076 8076 1565
Width: 715
Flags: W
HStem: -177 78.1279<-199.919 -98.3319> -174 67.4951<349.481 430.39> 0.542969 50.457<-136.281 -117.822> 563.808 60.48<9.83087 65.4771>
VStem: -272.816 98.4385<-124.671 -35.1372> 72.4709 81<633.591 701.65> 302.95 101.987<-106.459 -37.5539>
LayerCount: 2
Fore
Refer: 961 890 N 1 0 0 1 291.422 0 2
Refer: 1461 7948 N 1 0 0 1 0 0 3
EndChar
