StartChar: uni1E1F
Encoding: 7711 7711 545
Width: 387
Flags: HW
HStem: -326 36<-129.616 -88.9902> 341 42<188.488 326.356> 697 57<343.417 433.04> 759.661 71.3786<168.556 233.286>
VStem: 163.563 74.7176<764.845 825.878>
LayerCount: 2
Fore
Refer: 49 775 N 0.877221 0 0 0.854451 321.087 240.812 2
Refer: 5 102 N 1 0 0 1 0 0 3
EndChar
