StartChar: uni1E17
Encoding: 7703 7703 795
Width: 436
Flags: W
HStem: -15 51<132.022 226.541> 367 54<183.053 254.388>
VStem: 34.0341 71.9619<61.4685 197.627> 271.504 60<289.245 349.853>
AnchorPoint: "Bottom" 205 -15 basechar 0
LayerCount: 2
Fore
Refer: 470 58080 N 0.998472 0.055258 -0.055258 0.998472 461.188 120.252 2
Refer: 101 772 N 1 0 0 1 426.5 -22 2
Refer: 4 101 N 1 0 0 1 0 0 3
EndChar
