StartChar: uni1EA7
Encoding: 7847 7847 840
Width: 493
Flags: HW
HStem: -10 97<93.7758 184.366 308.717 393.122> 485 20G<378.301 444.348> 539.319 131.361
VStem: 18.139 97.9414<96.1415 221.174> 111.76 268.561
AnchorPoint: "Bottom" 193 -15 basechar 0
LayerCount: 2
Fore
Refer: 472 58082 N 0.748341 -0.118739 0.302951 1.02151 116.275 59.0948 2
Refer: 471 58081 N 1 0 0 1 443.54 111 2
Refer: 0 97 N 1 0 0 1 0 0 2
EndChar
