StartChar: uni1E31
Encoding: 7729 7729 555
Width: 502
Flags: HW
HStem: -6 21G<-9.17019 -6.67019> 372.562 46.4375<241.196 332.795> 661 28<64.5798 106.441> 749 20G<205.329 244.329>
VStem: -9.67019 70<-5 81.6634> 310.228 68.0957<292.691 368.052>
LayerCount: 2
Back
Refer: 470 58080 N 1 0 0 1 347 290 2
Refer: 10 107 N 1 0 0 1 0 0 3
Fore
Refer: 470 58080 N 1 0 0 1 260.999 198 2
Refer: 10 107 N 1 0 0 1 0 0 3
EndChar
