StartChar: uni1E15
Encoding: 7701 7701 793
Width: 447
Flags: HW
HStem: -15 51<134.023 228.542> 367 54<185.054 256.389>
VStem: 36.0347 71.9619<61.4685 197.627> 273.505 60<289.245 349.853>
AnchorPoint: "Bottom" 205 -15 basechar 0
LayerCount: 2
Fore
Refer: 472 58082 N 0.998734 -0.0503045 0.0503045 0.998734 398.007 102.426 2
Refer: 4 101 N 1 0 0 1 0 0 3
Refer: 101 772 N 1 0 0 1 428.501 -22 2
EndChar
