StartChar: uni1FDA
Encoding: 8154 8154 2380
Width: 586
Flags: W
HStem: -8 72<154.154 268.108 384.546 461.766> 0 65<154.154 269.117> 616 76<297.387 379.087 503.84 600.21>
LayerCount: 2
Fore
Refer: 2379 8175 N 0.942898 -0.566521 0.566521 0.942898 -418.995 128.56 2
Refer: 984 921 N 1 0 0 1 133 0 2
EndChar
