StartChar: uni1E67.pcap
Encoding: 57592 57592 1949
Width: 436
UnlinkRmOvrlpSave: 1
Flags: W
HStem: -10 74<164.262 302.147> -3 21G<59 132> 439 72<172.328 293.759> 484 20G<316.5 382> 507.324 123.681 673.467 76.1663<244.747 312.321>
VStem: 69 87<352.853 420.849> 107.22 268.561 239.535 78.0006<678.998 744.125> 316 86<77.8862 167.982>
LayerCount: 2
Fore
Refer: 473 58083 N 1 0 0 1 439 33 2
Refer: 49 775 N 0.915765 0 0 0.911763 403.98 119.816 2
Refer: 661 57365 N 1 0 0 1 0 0 3
EndChar
