StartChar: uni1EAF
Encoding: 7855 7855 845
Width: 493
Flags: HW
HStem: -10 97<93.7758 184.366 308.717 393.122> 485 20G<378.301 444.348> 545 76.7188<173.437 320.926>
VStem: 18.139 97.9414<96.1415 221.174> 94.8884 305.357
AnchorPoint: "Bottom" 193 -15 basechar 0
LayerCount: 2
Fore
Refer: 470 58080 N 0.745874 0.125851 -0.313113 1.02483 512.19 110.811 2
Refer: 105 774 N 1 0 0 1 422.04 -31 2
Refer: 0 97 N 1 0 0 1 0 0 2
EndChar
