StartChar: uni1FC8
Encoding: 8136 8136 2382
Width: 813
Flags: HW
HStem: -14 65<155.761 214.905> 1 76<327.774 606.37> 306 69<386.233 554.226> 612 67<282.125 327.482 433.444 639.41> 667 20G<708.36 727.063>
VStem: 560.32 65.041<262.709 305.992> 654.092 60.0625<531 601.873>
LayerCount: 2
Fore
Refer: 2379 8175 N 0.942898 -0.566521 0.566521 0.942898 -418.995 128.56 2
Refer: 980 917 N 1 0 0 1 130 0 2
EndChar
