StartChar: uni1E2F.smcp
Encoding: 57888 57888 2240
Width: 400
Flags: W
HStem: -8 21G<66.0556 90 318 341.471> 501 72<71.5139 148.506> 606.08 105.84<108.494 202.506 284.494 378.506>
VStem: 101.32 108.36<613.114 704.915> 154 105<64.8722 492.53> 277.32 108.36<613.114 704.915>
LayerCount: 2
Fore
Refer: 470 58080 N 0.994713 0.102691 -0.102691 0.994713 414.934 180.989 2
Refer: 97 776 N 1 0 0 1 383.5 13 2
Refer: 2031 57679 N 1 0 0 1 0 0 3
EndChar
