StartChar: uni1FAA
Encoding: 8106 8106 1579
Width: 938
Flags: W
HStem: -166 67.4951<571.481 652.39> -10 21G<274.117 279.513 872.165 877.642> 0.754883 108.353<335.118 416.381 731.783 822.601> 595.808 60.48<-68.1691 -12.5229> 616 73<458.731 646.638>
VStem: -5.52913 81<665.591 733.65> 250 119<327.13 512.127> 264 57<122.128 175.614> 524.95 101.987<-98.4588 -29.5539> 782 127<325.587 487.576> 838 55<124.103 171.509>
LayerCount: 2
Fore
Refer: 961 890 N 1 0 0 1 513.422 8 2
Refer: 1571 8042 N 1 0 0 1 0 0 3
EndChar
