StartChar: uni1E4F
Encoding: 7759 7759 807
Width: 490
Flags: HW
HStem: -10 55<125.983 257.332> 450 57<239.007 366.724> 681.234 105.84<197.89 291.902 373.89 467.902>
VStem: 31.0957 55.9043<87.0703 286.368> 190.716 108.36<688.268 780.069> 366.716 108.36<688.268 780.069> 403 56<208.747 411.031>
LayerCount: 2
Fore
Refer: 100 771 N 0.996195 -0.0871557 0.0871557 0.996195 417.96 -65.3163 2
Refer: 97 776 N 1 0 0 1 472.896 88.154 2
Refer: 14 111 N 1 0 0 1 0 0 3
EndChar
