StartChar: uni1EB4
Encoding: 7860 7860 843
Width: 715
UnlinkRmOvrlpSave: 1
Flags: W
HStem: -177 78.1279<-199.919 -98.3319> 0.542969 50.457<-136.281 -117.822> 658.447 78.834<284.023 454.147>
VStem: -272.816 98.4385<-124.671 -35.1372> 210.765 317.471
AnchorPoint: "Bottom" 363 -15 basechar 0
LayerCount: 2
Fore
Refer: 161 58022 N 0.994522 -0.104528 0.104528 0.994522 133.077 70.7418 2
Refer: 26 65 N 1 0 0 1 0 0 2
Refer: 162 58023 N 1 0 0 1 209 -75 2
Position2: "cpsp-1" dx=0 dy=0 dh=50 dv=100
EndChar
