StartChar: uni1E79
Encoding: 7801 7801 818
Width: 517
Flags: HW
HStem: -18 56<274.079 366.148> -10 70<65.5792 155.579> 341 75<106.579 165.579> 387 20G<418.079 425.579> 548.408 86<383.805 452.425> 595.746 85.4463<298.96 372.134>
VStem: 227.058 294.106
AnchorPoint: "Bottom" 256 -15 basechar 0
LayerCount: 2
Fore
Refer: 470 58080 N 0.635145 0.772393 -0.772393 0.635145 691.552 355.521 2
Refer: 100 771 N 1 0 0 1 544.474 -34 2
Refer: 20 117 N 1 0 0 1 0 0 2
EndChar
