StartChar: uni1E51
Encoding: 7761 7761 809
Width: 490
Flags: W
HStem: -10 55<125.983 257.332> 450 57<239.007 366.724>
VStem: 31.0957 55.9043<87.0703 286.368> 403 56<208.747 411.031>
LayerCount: 2
Fore
Refer: 472 58082 N 0.998734 -0.0503045 0.0503045 0.998734 428.006 102.426 2
Refer: 101 772 N 1 0 0 1 458.5 -22 2
Refer: 14 111 N 1 0 0 1 0 0 2
EndChar
