StartChar: uni1FCB
Encoding: 8139 8139 2385
Width: 1016
Flags: W
HStem: -7 76<117.887 196.304 311.362 348.573 664.478 724.036 835.992 874.423> 0 69<117.928 196.304> 311 68<371.135 774.894> 615 72<259.629 303.21 428.874 489.087 795.524 831.998> 623 70<951.856 1013.88>
LayerCount: 2
Fore
Refer: 1611 8189 N 0.912345 0.614516 -0.614516 0.912345 336.556 -17.0538 2
Refer: 982 919 N 1 0 0 1 123 0 2
EndChar
