StartChar: uni1EBF
Encoding: 7871 7871 864
Width: 447
Flags: HW
HStem: -15 51<134.023 228.542> 367 54<185.054 256.389> 539.319 131.361
VStem: 36.0347 71.9619<61.4685 197.627> 127.22 268.561 273.505 60<289.245 349.853>
AnchorPoint: "Bottom" 205 -15 basechar 0
LayerCount: 2
Fore
Refer: 470 58080 N 0.745874 0.125851 -0.313113 1.02483 654.651 98.8114 2
Refer: 471 58081 N 1 0 0 1 459.001 111 2
Refer: 4 101 N 1 0 0 1 0 0 2
EndChar
