StartChar: uni1E53
Encoding: 7763 7763 811
Width: 490
Flags: W
HStem: -10 55<125.983 257.332> 450 57<239.007 366.724>
VStem: 31.0957 55.9043<87.0703 286.368> 403 56<208.747 411.031>
LayerCount: 2
Fore
Refer: 470 58080 N 0.998472 0.055258 -0.055258 0.998472 504.188 120.252 2
Refer: 101 772 N 1 0 0 1 469.5 -22 2
Refer: 14 111 N 1 0 0 1 0 0 2
EndChar
