StartChar: uni1E4C
Encoding: 7756 7756 804
Width: 792
Flags: W
HStem: -16 56<238.64 462.15> 632 57<374.955 596.571> 718 21G<335.527 391.291> 722.408 86<499.651 575.467> 769.746 85.4463<405.91 486.756>
VStem: 326.468 324.946
LayerCount: 2
Fore
Refer: 40 79 N 1 0 0 1 0 0 3
Refer: 161 58022 N 1 0 0 1 323 -32 2
Refer: 90 58018 N 0.883116 0.469155 -0.469155 0.883116 535.106 74.8125 2
Position2: "cpsp-1" dx=0 dy=0 dh=50 dv=100
EndChar
