StartChar: uni1E1F
Encoding: 7711 7711 545
Width: 374
Flags: HW
HStem: -326 36<-132.616 -91.9904> 341 42<185.488 323.356> 697 57<340.417 430.04> 759.661 71.3786<165.555 230.286>
VStem: 160.563 74.7176<764.845 825.878>
LayerCount: 2
Fore
Refer: 49 775 N 0.877221 0 0 0.854451 318.087 240.812 2
Refer: 5 102 N 1 0 0 1 0 0 3
EndChar
