StartChar: uni1EA5
Encoding: 7845 7845 839
Width: 491
Flags: W
HStem: -10 97<94.2354 184.826 309.177 393.582> 485 20G<378.761 444.808> 539.319 131.361
VStem: 18.5986 97.9414<96.1415 221.174> 112.22 268.561
AnchorPoint: "Bottom" 193 -15 basechar 0
LayerCount: 2
Fore
Refer: 470 58080 N 0.745874 0.125851 -0.313113 1.02483 639.65 98.8114 2
Refer: 471 58081 N 1 0 0 1 444 111 2
Refer: 0 97 N 1 0 0 1 0 0 2
EndChar
