StartChar: uni1E79
Encoding: 7801 7801 818
Width: 508
Flags: HW
HStem: -18 56<271.079 363.148> -10 70<62.5789 152.579> 341 75<103.579 162.579> 387 20G<415.079 422.579> 548.408 86<380.805 449.425> 595.746 85.4463<295.96 369.134>
VStem: 224.058 294.106
AnchorPoint: "Bottom" 256 -15 basechar 0
LayerCount: 2
Fore
Refer: 470 58080 N 0.635145 0.772393 -0.772393 0.635145 688.552 355.521 2
Refer: 100 771 N 1 0 0 1 541.474 -34 2
Refer: 20 117 N 1 0 0 1 0 0 2
EndChar
