StartChar: uni1EB1
Encoding: 7857 7857 846
Width: 493
Flags: HW
HStem: -10 97<93.7758 184.366 308.717 393.122> 485 20G<378.301 444.348> 546 76.7188<178.437 325.926>
VStem: 18.139 97.9414<96.1415 221.174> 99.8884 305.357
AnchorPoint: "Bottom" 193 -15 basechar 0
LayerCount: 2
Fore
Refer: 472 58082 N 0.748341 -0.118739 0.302951 1.02151 255.275 71.0948 2
Refer: 105 774 N 1 0 0 1 427.04 -30 2
Refer: 0 97 N 1 0 0 1 0 0 2
EndChar
