StartChar: uni1E65
Encoding: 7781 7781 851
Width: 385
Flags: HW
HStem: -10.1663 54.1517<60.1162 183.58> 369 47<185.157 261.577> 654.699 83.5374<226.276 300.066>
VStem: 84.7775 70.1657<259.483 332.875> 199.028 68.2592<62.772 153.436> 220.585 85.1754<660.765 732.195> 289.12 44<317.5 339.554>
AnchorPoint: "Bottom" 162 -15 basechar 0
LayerCount: 2
Fore
Refer: 470 58080 N 0.948683 0.316228 -0.316228 0.948683 592.143 61.2062 2
Refer: 49 775 N 1 0 0 1 400.156 47.468 2
Refer: 18 115 N 1 0 0 1 0 0 2
EndChar
