StartChar: uni1ED3
Encoding: 7891 7891 853
Width: 490
Flags: W
HStem: -10 55<125.983 257.332> 450 57<239.007 366.724> 539.319 131.361
VStem: 31.0957 55.9043<87.0703 286.368> 152.22 268.561 403 56<208.747 411.031>
AnchorPoint: "Bottom" 249 -15 basechar 0
LayerCount: 2
Fore
Refer: 472 58082 N 0.748341 -0.118739 0.302951 1.02151 156.735 59.0948 2
Refer: 471 58081 N 1 0 0 1 484 111 2
Refer: 14 111 N 1 0 0 1 0 0 2
EndChar
