StartChar: uni205C
Encoding: 8284 8284 2366
Width: 596
UnlinkRmOvrlpSave: 1
Flags: W
HStem: 7.03716 118.316<112.249 151.843> 7.33006 118.316<475.799 515.392> 372.587 118.316<475.799 515.392> 373.001 118.316<110.128 149.721>
VStem: 71.6437 115.312 73.7652 115.312 437.315 115.312
LayerCount: 2
Fore
Refer: 1961 58113 N -0.574999 3.92481e-17 -9.02707e-17 -1 585.5 248.172 2
Refer: 1961 58113 N 3.92481e-17 0.574999 -1 9.02707e-17 298 -39.3286 2
Refer: 48 46 N 1 0 0 1 373.015 6.8867 2
Refer: 48 46 N 1 0 0 1 373.015 372.144 2
Refer: 48 46 N 1 0 0 1 9.4654 6.5938 2
Refer: 48 46 N 1 0 0 1 7.3439 372.558 2
EndChar
