StartChar: uni2189.alt
Encoding: 58448 58448 1728
Width: 644
UnlinkRmOvrlpSave: 1
Flags: W
HStem: -99.1982 53.085<408.295 493.458> 191.824 70.4854<508.66 613.565> 260.684 62.3486<158.538 259.14> 545.028 61.6758<183.668 284.985>
VStem: 405.432 262.053
LayerCount: 2
Fore
Refer: 1960 58112 S 0.197336 0.235176 -0.829881 0.696353 121.832 316.412 2
Refer: 1419 8585 N 1 0 0 1 0 0 2
EndChar
