StartChar: uni266E
Encoding: 9838 9838 1437
Width: 268
UnlinkRmOvrlpSave: 1
Flags: W
LayerCount: 2
Fore
Refer: 1963 58115 N 0.205 0.0541143 0 1.54545 30 462.943 2
Refer: 1963 58115 N 0.205 0.0541143 0 1.54545 30 217.943 2
Refer: 1961 58113 N 0 -0.563 0.9375 0 206 553 2
Refer: 1961 58113 N 0 -0.563 0.9375 0 59 740 2
EndChar
