StartChar: uni2244
Encoding: 8772 8772 1517
Width: 533
UnlinkRmOvrlpSave: 1
Flags: W
HStem: 111.131 65.739<34 428> 294 92.8028<247.941 318.233> 363.128 92.0583<106.714 184.558>
LayerCount: 2
Fore
Refer: 1961 58113 N 0.209471 0.449212 -0.962952 0.449032 154.765 68.3942 2
Refer: 1512 8771 N 1 0 0 1 0 0 2
EndChar
