StartChar: uni2059
Encoding: 8281 8281 2376
Width: 541
Flags: W
HStem: 0.443359 118.316<445.784 485.377> 1.44336 118.316<101.784 141.377> 172.443 118.316<272.784 312.377> 344.443 118.316<445.784 485.377> 346.443 118.316<99.7837 139.377>
VStem: 61.2998 115.312 63.2998 115.312 234.3 115.312 407.3 115.312
LayerCount: 2
Fore
Refer: 48 46 N 1 0 0 1 170 172 2
Refer: 48 46 N 1 0 0 1 343 0 2
Refer: 48 46 N 1 0 0 1 343 344 2
Refer: 48 46 N 1 0 0 1 -1 1 2
Refer: 48 46 N 1 0 0 1 -3 346 2
EndChar
