StartChar: uni2042
Encoding: 8258 8258 440
Width: 816
Flags: W
HStem: 106.063 20G<730.674 770.762>
VStem: 566.762 94.8008<9.84861 121.812>
LayerCount: 2
Fore
Refer: 87 42 N 0.5 -0.866025 0.866025 0.5 -308.626 138.523 2
Refer: 87 42 N -1 0 0 -1 814.329 676.785 2
Refer: 87 42 N -0.994522 0.104528 -0.104528 -0.994522 670.599 998.568 2
EndChar
