StartChar: uni2152.alt
Encoding: 58447 58447 1727
Width: 938
UnlinkRmOvrlpSave: 1
Flags: HW
HStem: -85.3164 62.3486<763.538 864.14> -82.1182 55.9111<386.089 443.612 529.361 569.207> 198.267 56.3311<453.628 491.675> 199.028 61.6758<788.668 889.985> 205.407 57.7373<572.426 628.731> 263.882 55.9111<42.0889 99.612 185.361 225.207> 544.267 56.3311<109.628 147.675> 551.407 57.7373<228.426 284.731>
VStem: 32.9824 262.971 376.982 262.971
LayerCount: 2
Fore
Refer: 1960 58112 S 0.197336 0.235176 -0.829881 0.696353 726.832 -29.5878 2
Refer: 937 8530 N 1 0 0 1 0 0 2
EndChar
