StartChar: uni203B
Encoding: 8251 8251 1508
Width: 636
UnlinkRmOvrlpSave: 1
Flags: W
HStem: -29.5566 118.316<311.784 351.377> 191.443 118.316<90.7837 130.377 532.784 572.377> 414.443 118.316<311.784 351.377>
VStem: 52.2998 115.312 273.3 115.312 494.3 115.312
CounterMasks: 1 1c
LayerCount: 2
Fore
Refer: 1961 58113 N -0.353553 0.353553 -0.707107 -0.707107 493.777 72.2233 2
Refer: 1961 58113 N 0.353553 0.353553 -0.707107 0.707107 140.223 72.2233 2
Refer: 48 46 N 1 0 0 1 209 -30 2
Refer: 48 46 N 1 0 0 1 430 191 2
Refer: 48 46 N 1 0 0 1 -12 191 2
Refer: 48 46 N 1 0 0 1 209 414 2
EndChar
