StartChar: zero.tabulartextalt
Encoding: 58422 58422 1721
Width: 533
UnlinkRmOvrlpSave: 1
Flags: W
HStem: -12 82<200.302 347.309> 431 77<189.556 332.22>
VStem: 31 85<162.78 347.8> 420 82<155.702 338.788>
LayerCount: 2
Fore
Refer: 1961 58113 S 0.289023 0.357888 -0.716015 0.606121 176.489 72.056 2
Refer: 672 58368 N 1 0 0 1 0 0 2
EndChar
