StartChar: Uni0308
Encoding: 58024 58024 163
Width: 298
VWidth: 1159
Flags: HW
LayerCount: 2
Fore
Refer: 2360 57345 N 0.952018 0.272987 -0.251943 0.87863 246.001 820.001 2
Refer: 2360 57345 N 0.952018 0.272987 -0.251943 0.87863 54.0006 820.001 2
EndChar
