StartChar: afii10110
Encoding: 1118 1118 119
Width: 429
Flags: HW
HStem: 365 30<9 37 170 185 277 339 410 444> 508 36<184.777 283.223>
VStem: 98 64.3243<564.405 625.752> 305.676 64.3243<564.405 625.752>
DStem2: 176 -32 383 308 0.447214 0.894427<-152.969 14.7689>
LayerCount: 2
Fore
Refer: 224 58086 N 1 0 0 1 431 71 2
Refer: 94 1091 N 1 0 0 1 0 0 3
EndChar
