StartChar: aringacute.pcap
Encoding: 57501 57501 1809
Width: 472
Flags: HW
HStem: -7 25<34 58.0979 295 312.5> 138 30<175 275.575> 395 20<232.5 267> 452.265 31.606<205.555 274.276> 572.129 31.606<206.724 275.101>
VStem: 163.28 32.227<494.081 560.825> 234 31<355.154 415> 285.493 32.227<495.175 561.808>
LayerCount: 2
Fore
Refer: 469 58080 N 0.745874 0.0958213 -0.313113 0.780289 569.65 282.825 2
Refer: 97 778 N 1 0 0 1 438.5 27 2
Refer: 642 57347 N 1 0 0 1 0 0 3
EndChar
