StartChar: aringacute
Encoding: 507 507 709
Width: 385
VWidth: 0
Flags: HW
HStem: -15 43<75 181> 161 32<153 246> 364 52<128 220> 452.265 31.606<166.555 235.276> 572.129 31.606<167.724 236.101>
VStem: 33 64<34 133> 124.28 32.227<494.081 560.825> 246.493 32.227<495.175 561.808> 247 65<60 164 191 321>
LayerCount: 2
Fore
Refer: 470 58080 N 0.745874 0.0958213 -0.313113 0.780289 530.65 282.825 2
Refer: 98 778 N 1 0 0 1 399.5 27 2
Refer: 0 97 N 1 0 0 1 0 0 3
EndChar
