StartChar: clickalveolar.smcp
Encoding: 57796 57796 2156
Width: 378
VWidth: 1515
Flags: HW
HStem: 157 53.9999<60 318> 278 53.9999<60 318>
LayerCount: 2
Fore
Refer: 2154 57794 N 1 0 0 1 90 0 2
Refer: 1970 58114 S 0.258 0 0 1.17391 60 184 2
Refer: 1970 58114 S 0.258 0 0 1.17391 60 305 2
EndChar
