StartChar: clickalveolar.pcap
Encoding: 57472 57472 1743
Width: 378
UnlinkRmOvrlpSave: 1
Flags: W
HStem: 129.87 42.2608<60 318> 250.87 42.2608<60 318>
LayerCount: 2
Fore
Refer: 1967 58114 N 0.258 0 0 1.17391 60 260 2
Refer: 1967 58114 N 0.258 0 0 1.17391 60 139 2
Refer: 1740 57470 N 1 0 0 1 90 0 2
EndChar
