StartChar: notequal
Encoding: 8800 8800 692
Width: 463
UnlinkRmOvrlpSave: 1
Flags: HW
HStem: 128 53.9999<34 428> 252 53.9999<34 428>
LayerCount: 2
Fore
Refer: 1966 58113 N 0.2155 0.373257 -0.920152 0.53125 123.75 30.3715 2
Refer: 328 61 N 1 0 0 1 0 0 2
EndChar
