StartChar: numbersign
Encoding: 35 35 334
Width: 463
UnlinkRmOvrlpSave: 1
Flags: HW
LayerCount: 2
Fore
Refer: 1966 58113 N -0.0668773 -0.634 1.06635 0 324.939 634 2
Refer: 1966 58113 N -0.0668773 -0.634 1.06635 0 203.939 634 2
Refer: 1968 58115 N -0.32005 -0.0289243 -0.0901539 -1.03145 402.025 409.962 2
Refer: 1968 58115 N -0.32005 -0.0289243 -0.0901539 -1.03145 381.025 245.962 2
EndChar
