StartChar: uni0308
Encoding: 776 776 97
Width: 0
VWidth: 1159
Flags: HW
HStem: 465.983 64.7014<-315.712 -255.288> 465.983 64.7014<-139.712 -79.2878>
VStem: -319.924 68.8489<470.395 526.272> -143.924 68.8489<470.395 526.272>
AnchorPoint: "Top" -198.5 389 mark 0
LayerCount: 2
Fore
Refer: 49 775 N 0.829505 0 0 0.829505 55.1567 68.6499 2
Refer: 49 775 N 0.829505 0 0 0.829505 -120.843 68.6499 2
EndChar
