StartChar: uni04EF
Encoding: 1263 1263 1383
Width: 429
Flags: HW
HStem: 365 30<9 37 170 185 277 339 410 444> 519 49<104 363>
DStem2: 176 -32 383 308 0.447214 0.894427<-152.969 14.7689>
LayerCount: 2
Fore
Refer: 100 772 N 1 0 0 1 431 72 2
Refer: 1071 1091 N 1 0 0 1 0 0 3
EndChar
