StartChar: uni05AE
Encoding: 1454 1454 2489
Width: 0
VWidth: 0
Flags: HW
HStem: -0.0384962 141.038<-518.113 -98.1389> 433 141<-457.18 -178.509>
VStem: -525.062 506.242<6.11042 135.78>
LayerCount: 2
Fore
Refer: 2467 1432 N 1 0 0 1 172 0 2
EndChar
