StartChar: uni022D.smcp
Encoding: 57848 57848 2208
Width: 651
Flags: HW
HStem: -5.6 40.9<271.034 427.015> 461.7 39.2<230.39 375.856> 698.224 49<199.896 458.896>
VStem: 52.1 82.5<180.762 335.941> 509.9 89.1<144.602 324.626>
LayerCount: 2
Fore
Refer: 100 772 N 1 0 0 1 526.896 251.224 2
Refer: 99 771 N 0.996195 -0.0871557 0.0871557 0.996195 490.076 104.68 2
Refer: 2045 57685 N 1 0 0 1 0 0 3
EndChar
