StartChar: uni01DE
Encoding: 478 478 781
Width: 719
Flags: HW
HStem: -10 37<475.198 516.465 640.751 690.047> 245 42<237 427.657> 689 98<232.22 313.78 424.22 505.78> 692 20<348 395.5> 815 53.9999<213 524>
VStem: 223 100<698.068 777.968> 350 43<632.023 712> 415 100<698.068 777.968>
DStem2: 96 80 154 87 0.391141 0.920331<-3.53261 211.909 245.659 524.174> 407 642 465 236 0.354654 -0.934998<388.302 400.179 571.058 597.203>
AnchorPoint: "Bottom" 363 -15 basechar 0
LayerCount: 2
Fore
Refer: 26 65 N 1 0 0 1 0 0 3
Refer: 162 58024 N 1 0 0 1 219 -67 2
Refer: 159 58021 N 1 0 0 1 220 57 2
Position2: "cpsp-1" dx=0 dy=0 dh=50 dv=100
EndChar
