StartChar: uni01E0
Encoding: 480 480 783
Width: 719
Flags: HW
HStem: -10 37<475.198 516.465 640.751 690.047> 245 42<237 427.657> 692 20<348 395.5> 749 108<326.142 415.858> 883.14 53.9999<215 526>
VStem: 316 110<758.993 847.046> 350 43<632.023 712>
DStem2: 96 80 154 87 0.391141 0.920331<-3.53261 211.909 245.659 524.174> 407 642 465 236 0.354654 -0.934998<388.302 400.179 571.058 597.203>
LayerCount: 2
Fore
Refer: 26 65 N 1 0 0 1 0 0 3
Refer: 163 58025 N 1 0 0 1 293 -2 2
Refer: 159 58021 N 1 0 0 1 222 125.14 2
Position2: "cpsp-1" dx=0 dy=0 dh=50 dv=100
EndChar
