StartChar: uni1F0C
Encoding: 7948 7948 1467
Width: 719
VWidth: 1159
Flags: HW
HStem: -10 37<475.198 516.465 640.751 690.047> 245 42<237 427.657> 518.048 23.76<3.19087 49.8395> 652.832 79.92<29.1125 74.0645> 692 20<348 395.5>
VStem: 82.0309 48.6<558.997 638.051> 350 43<632.023 712>
DStem2: 96 80 154 87 0.391141 0.920331<-3.53261 211.909 245.659 524.174> 407 642 465 236 0.354654 -0.934998<388.302 400.179 571.058 597.203>
AnchorPoint: "Top" 367 699 basechar 0
AnchorPoint: "Bottom" 353 -15 basechar 0
LayerCount: 2
Fore
Refer: 1617 8189 N 1.08329 0.191013 -0.191013 1.08329 122.276 -26.841 2
Refer: 1607 8127 N 1.08 0 0 1.08 -113.273 -15.472 2
Refer: 975 913 N 1 0 0 1 0 0 3
EndChar
