StartChar: uni1FCD
Encoding: 8141 8141 1359
Width: 304
VWidth: 1043
Flags: HW
HStem: 494 22<21.8369 65.0301> 618.8 74<45.8384 87.4607>
VStem: 94.8369 45<531.916 605.114>
AnchorPoint: "Top" 145.501 464 mark 0
LayerCount: 2
Fore
Refer: 2388 8175 S 0.984808 -0.173648 0.173648 0.984808 7.39824 86.4233 2
Refer: 1608 8127 N 1 0 0 1 -86 0 2
EndChar
