StartChar: uni1E4F
Encoding: 7759 7759 806
Width: 492
VWidth: 1159
Flags: W
HStem: -10 21<213.737 312.228> 388 23<183.876 282.08>
VStem: 28 65<130.362 287.127> 399 65<108.357 276.92>
LayerCount: 2
Fore
Refer: 99 771 N 0.996195 -0.0871557 0.0871557 0.996195 427.96 28.6837 2
Refer: 96 776 N 1 0 0 1 470.896 174.154 2
Refer: 14 111 N 1 0 0 1 0 0 3
EndChar
