StartChar: uni1EBF.pcap
Encoding: 57636 57636 2012
Width: 468
Flags: HW
HStem: -6 23<67.1739 93.9636> -0.384672 26.9515<195.945 319.04> 192 24<177 317.415> 385 19<63 93.1367> 465.319 133.361
VStem: 110.134 66.8664<38.1614 192 216 368.351> 117.22 252.561 339 23<135.174 172.751> 358 20<303 348.27> 397 19<105.592 116.842>
LayerCount: 2
Fore
Refer: 469 58080 N 0.745874 0.0958213 -0.313113 0.780289 651.65 243.825 2
Refer: 470 58081 N 1 0 0 1 441 15 2
Refer: 646 57351 N 1 0 0 1 0 0 3
EndChar
