StartChar: uni1E15
Encoding: 7701 7701 1319
Width: 414
Flags: HW
HStem: -7.35581 36.779<186.726 300.798> 395.112 21.0166<177.36 243.956> 556.326 38.3479<124.5 313.5>
VStem: 35.7282 64.1006<115.887 236.107 247.996 296.702>
AnchorPoint: "Bottom" 205 -15 basechar 0
LayerCount: 2
Fore
Refer: 413 768 N 0.86012 0.45148 -0.351495 0.861865 583.508 299.031 2
Refer: 293 101 N 1 0 0 1 0 0 3
Refer: 1109 772 N 1 0 0 1 415.5 49 2
EndChar
