StartChar: uni1FB8
Encoding: 8120 8120 1946
Width: 719
Flags: HW
HStem: -10 37<475.198 516.465 640.751 690.047> 245 42<237 427.657> 692 20<348 395.5>
VStem: 350 43<632.023 712>
DStem2: 96 80 154 87 0.391141 0.920331<-3.53261 211.909 245.659 524.174> 407 642 465 236 0.354654 -0.934998<388.302 400.179 571.058 597.203>
LayerCount: 2
Fore
Refer: 2379 58023 N 1 0 0 1 205 0 2
Refer: 2367 913 N 1 0 0 1 0 0 3
EndChar
