StartChar: uni1EB5.pcap
Encoding: 57631 57631 1634
Width: 425
Flags: HW
HStem: -7 25<34 58.0979 295 312.5> 138 30<175 275.575> 395 20<232.5 267> 480.274 54.719<172.997 312.259>
VStem: 110.322 28.08<576.771 593.079> 234 31<355.154 415> 347.598 28.081<579.635 593.079>
AnchorPoint: "Bottom" 234 -15 basechar 0
LayerCount: 2
Fore
Refer: 796 771 N 0.994522 -0.104528 0.104528 0.994522 405.47 171.891 2
Refer: 1111 774 N 1 0 0 1 440.5 44 2
Refer: 1 57347 N 1 0 0 1 0 0 3
EndChar
