StartChar: uni1EC1
Encoding: 7873 7873 864
Width: 414
Flags: HW
HStem: -7.35581 36.779<186.726 300.798> 395.112 21.0166<177.36 243.956> 465.319 133.361
VStem: 35.7282 64.1006<115.887 236.107 247.996 296.702> 91.22 252.561
AnchorPoint: "Bottom" 205 -15 basechar 0
LayerCount: 2
Fore
Refer: 93 768 N 0.782905 0.269867 0.00769009 0.706185 285.834 334.569 2
Refer: 470 58081 N 1 0 0 1 415 15 2
Refer: 4 101 N 1 0 0 1 0 0 2
EndChar
