StartChar: uni1ED1
Encoding: 7889 7889 851
Width: 492
Flags: HW
HStem: -10 21<213.737 312.228> 388 23<183.876 282.08> 465.319 133.361
VStem: 28 65<130.362 287.127> 135.22 252.561 399 65<108.357 276.92>
AnchorPoint: "Bottom" 249 -15 basechar 0
LayerCount: 2
Fore
Refer: 469 58080 N 0.745874 0.0958213 -0.313113 0.780289 669.65 243.825 2
Refer: 14 111 N 1 0 0 1 0 0 2
Refer: 470 58081 N 1 0 0 1 459 15 2
EndChar
