StartChar: uni1EA7
Encoding: 7847 7847 839
Width: 385
Flags: HW
HStem: -18 40<289 347.036> -17 32<66 170.18> 162 24<170.375 244.719> 376 32<142.099 224.5> 465.319 133.361
VStem: 32 58<23.793 131.62> 49 59<315.642 355.233> 75.22 252.561 243 63<56.5717 161.987 182.751 271.326> 250 61<145.38 335.214>
AnchorPoint: "Bottom" 193 -15 basechar 0
LayerCount: 2
Fore
Refer: 93 768 N 0.782905 0.269867 0.00769009 0.706185 269.834 334.569 2
Refer: 470 58081 N 1 0 0 1 399 15 2
Refer: 0 97 N 1 0 0 1 0 0 2
EndChar
