StartChar: uni1E51
Encoding: 7761 7761 808
Width: 492
Flags: HW
HStem: -10 21<213.737 312.228> 388 23<183.876 282.08> 556.326 38.3479<168.5 357.5>
VStem: 28 65<130.362 287.127> 399 65<108.357 276.92>
LayerCount: 2
Fore
Refer: 14 111 N 1 0 0 1 0 0 2
Refer: 93 768 N 0.86012 0.45148 -0.351495 0.861865 627.508 299.031 2
Refer: 100 772 N 1 0 0 1 459.5 49 2
EndChar
