StartChar: uni1EA5.pcap
Encoding: 57623 57623 1905
Width: 472
Flags: HW
HStem: -7 25<34 58.0979 295 312.5> 138 30<175 275.575> 395 20<232.5 267> 465.319 133.361
VStem: 112.22 252.561 234 31<355.154 415>
LayerCount: 2
Fore
Refer: 469 58080 N 0.745874 0.0958213 -0.313113 0.780289 646.65 243.825 2
Refer: 470 58081 N 1 0 0 1 436 15 2
Refer: 642 57347 N 1 0 0 1 0 0 3
EndChar
