StartChar: uni1E51.smcp
Encoding: 57905 57905 1441
Width: 651
Flags: HW
HStem: -5.6 40.9<271.034 427.015> 461.7 39.2<230.39 375.856> 569 49<200.5 459.5>
VStem: 52.1 82.5<180.762 335.941> 509.9 89.1<144.602 324.626>
LayerCount: 2
Fore
Refer: 1109 772 N 1 0 0 1 527.5 122 2
Refer: 413 768 N 0.86012 0.45148 -0.351495 0.861865 695.508 372.031 2
Refer: 568 57685 N 1 0 0 1 0 0 3
EndChar
