StartChar: uni1EB5
Encoding: 7861 7861 843
Width: 385
VWidth: 1159
Flags: W
HStem: -18 40<289 347.036> -17 32<66 170.18> 162 24<170.375 244.719> 376 32<142.099 224.5> 547.983 33.7656<137.847 265.542>
VStem: 32 58<23.793 131.62> 49 59<315.642 355.233> 91.4346 11.4004<618.652 625.381> 243 63<56.5717 161.987 182.751 271.326> 250 61<145.38 335.214>
AnchorPoint: "Bottom" 193 -15 basechar 0
LayerCount: 2
Fore
Refer: 0 97 N 1 0 0 1 0 0 2
Refer: 99 771 S 0.994522 -0.104528 0.104528 0.994522 364.47 171.891 2
Refer: 104 774 S 1 0 0 1 399.5 44 2
EndChar
