StartChar: uni1E51.pcap
Encoding: 57581 57581 1946
Width: 568
Flags: HW
HStem: -5 37<240.993 370.228> 378 35<202.127 322.544> 496 49<154.5 413.5>
VStem: 56 78<146.969 286.001> 428 84<111.049 270.5>
LayerCount: 2
Fore
Refer: 93 768 N 0.86012 0.45148 -0.351495 0.861865 649.508 299.031 2
Refer: 100 772 N 1 0 0 1 481.5 49 2
Refer: 656 57361 N 1 0 0 1 0 0 3
EndChar
