StartChar: uni1ED3
Encoding: 7891 7891 853
Width: 492
VWidth: 0
Flags: W
HStem: -10 21<213.737 312.228> 388 23<183.876 282.08> 465.319 133.361
VStem: 28 65<130.362 287.127> 135.22 252.561 399 65<108.357 276.92>
AnchorPoint: "Bottom" 249 -15 basechar 0
LayerCount: 2
Fore
Refer: 94 768 S 0.782905 0.269867 0.00769009 0.706185 329.834 334.569 2
Refer: 471 58081 S 1 0 0 1 459 15 2
Refer: 14 111 N 1 0 0 1 0 0 2
EndChar
