StartChar: uni1EBF
Encoding: 7871 7871 1653
Width: 414
Flags: HW
HStem: -7.35581 36.779<186.726 300.798> 395.112 21.0166<177.36 243.956> 465.319 133.361
VStem: 35.7282 64.1006<115.887 236.107 247.996 296.702> 91.22 252.561
AnchorPoint: "Bottom" 205 -15 basechar 0
LayerCount: 2
Fore
Refer: 293 101 N 1 0 0 1 0 0 2
Refer: 16 58080 N 0.745874 0.0958213 -0.313113 0.780289 625.65 243.825 2
Refer: 252 58081 N 1 0 0 1 415 15 2
EndChar
