StartChar: uni1F1D
Encoding: 7965 7965 1476
Width: 861
Flags: HW
HStem: -9 35<267 312.583> 3.06988 37.3024<442.897 703.73> 333 36<416 684.393> 516.048 23.76<52.9979 99.6465> 650.832 79.92<27.6198 73.7249> 656 31<259 319.489>
VStem: -27.7935 47.52<558.127 635.887> 333 93<372.534 637.287> 337.788 78.2122<90.4624 333 369 602.188> 708 36<247.75 305.348 393.846 441.094> 749 30<536 617.59> 809 28<152.034 171.75>
LayerCount: 2
Fore
Refer: 1617 8189 N 1.08329 0.191013 -0.191013 1.08329 98.2759 -26.841 2
Refer: 1615 8190 N 1.08 0 0 1.08 -96.9135 -17.472 2
Refer: 979 917 N 1 0 0 1 242 0 2
EndChar
