StartChar: uni26A7
Encoding: 9895 9895 1543
Width: 858
VWidth: 950
UnlinkRmOvrlpSave: 1
Flags: HW
HStem: -119.973 37.9727<307.546 587.064> -8.4004 48.1006<385.314 527.179> 362.9 44.5<369.089 510.388 369.609 510.908>
VStem: 241.35 65.7002<125.333 295.786> 426 45<-200.703 10> 587.85 64.8008<108.678 278.972>
LayerCount: 2
Fore
Refer: 1970 58114 N -0.147841 -0.17619 0.666126 -0.558946 305.921 472.095 2
Refer: 1970 58114 N -0.17619 0.147841 -0.558946 -0.666126 292.095 333.079 2
Refer: 1534 8963 N 0.559226 0.666459 -0.666459 0.559226 393.186 61.405 2
Refer: 1540 9893 N 1 0 0 1 197 0 2
EndChar
