StartChar: uni268B
Encoding: 9867 9867 2130
Width: 746
Flags: HW
HStem: 24 66<30.0001 293 453 716.001>
LayerCount: 2
Fore
Refer: 2129 9866 N 0.383382 0 0 1 441.499 0 2
Refer: 2129 9866 N 0.383382 0 0 1 18.4986 0 2
EndChar
