StartChar: zero.alt
Encoding: 58420 58420 2340
Width: 502
UnlinkRmOvrlpSave: 1
Flags: HW
HStem: 1 33<203.15 319.348> 358 36<180.377 302.898>
VStem: 55 73<109.281 280.474> 368 79<105.768 284.433>
LayerCount: 2
Fore
Refer: 778 58113 N 0.225171 0.273154 -0.723398 0.596323 140.415 58.4231 2
Refer: 2343 48 N 1 0 0 1 0 0 2
EndChar
