StartChar: Aringacute
Encoding: 506 506 708
GlifName: A_ringacute
Width: 724
UnlinkRmOvrlpSave: 1
Flags: HW
HStem: -10 37<485.198 526.465 650.751 700.047> 245 42<247 437.657> 672.972 38.3723<345.526 421.371> 692 20G<358 405.5> 804.246 38.3722<347.629 422.208>
VStem: 298.014 39.124<719.978 794.53> 360 43<632.023 712> 431.862 39.1243<721.059 794.629>
DStem2: 106 80 164 87 0.391141 0.920331<-3.53261 211.909 245.659 524.174> 417 642 475 236 0.354654 -0.934998<388.302 400.179 571.058 597.203>
LayerCount: 2
Fore
Refer: 470 58080 N 0.990268 -0.139173 0.139173 0.990268 546.316 356.498 2
Refer: 173 197 N 1 0 0 1 0 0 3
Position2: "cpsp-1" dx=0 dy=0 dh=50 dv=100 [ddx={} ddy={} ddh={} ddv={}]
EndChar
