StartChar: NameMe.65711
Encoding: 58624 58624 2355
GlifName: N_ameM_e.65711
Width: 504
VWidth: 1159
UnlinkRmOvrlpSave: 1
Flags: HW
HStem: -4 31<169.416 334.724> 374 29<125.908 333.172> 404 20G<79.5 97>
LayerCount: 2
Fore
Refer: 1970 58113 N 0.00436003 0.166503 -0.968418 0.0253589 241.32 -147.251 2
Refer: 1970 58113 N 0.00436003 0.166503 -0.968418 0.0253589 255.32 379.749 2
Refer: 668 57372 N 1 0 0 1 0 0 2
EndChar
