StartChar: SF220000
Encoding: 9557 9557 2919
Width: 926
VWidth: 0
UnlinkRmOvrlpSave: 1
Flags: HW
LayerCount: 2
Fore
Refer: 2825 9472 S 0.512959 0 0 1 0 35 2
Refer: 2825 9472 S 0.512959 0 0 1 0 -35 2
Refer: 2827 9474 N 1 0 0 0.537302 0 -161.019 2
EndChar
