StartChar: SF480000
Encoding: 9573 9573 2939
Width: 926
VWidth: 0
UnlinkRmOvrlpSave: 1
Flags: HW
LayerCount: 2
Fore
Refer: 2825 9472 N 1 0 0 1 0 0 2
Refer: 2827 9474 S 1 0 0 0.509524 -35 -170.686 2
Refer: 2827 9474 S 1 0 0 0.509524 35 -170.686 2
EndChar
