StartChar: SF230000
Encoding: 9571 9571 2936
Width: 926
UnlinkRmOvrlpSave: 1
Flags: HW
LayerCount: 2
Fore
Refer: 2827 9474 N 1 0 0 1 35 0 2
Refer: 2827 9474 N 1 0 0 0.481746 -35 472.648 2
Refer: 2825 9472 N 0.475162 0 0 1 5.10703e-15 35 2
Refer: 2825 9472 N 0.475162 0 0 1 0 -35 2
Refer: 2827 9474 N 1 0 0 0.481746 -35 -180.352 2
EndChar
