StartChar: SF360000
Encoding: 9566 9566 2937
Width: 1000
VWidth: 0
UnlinkRmOvrlpSave: 1
Flags: H
LayerCount: 2
Fore
Refer: 2827 9474 N 1 0 0 1 0 0 2
Refer: 2825 9472 S 0.512959 0 0 1 451 35 2
Refer: 2825 9472 S 0.512959 0 0 1 451 -35 2
EndChar
