StartChar: SF490000
Encoding: 9561 9561 2923
Width: 926
UnlinkRmOvrlpSave: 1
Flags: HW
LayerCount: 2
Fore
Refer: 2827 9474 N 1 0 0 0.509524 -35 447.314 2
Refer: 2827 9474 N 1 0 0 0.509524 35 447.314 2
Refer: 2825 9472 N 0.550756 0 0 1 416 0 2
EndChar
