StartChar: SF520000
Encoding: 9555 9555 2917
Width: 463
VWidth: 0
UnlinkRmOvrlpSave: 1
Flags: HW
LayerCount: 2
Fore
Refer: 2825 9472 N 0.602593 0 0 1 184 0 2
Refer: 2827 9474 S 1 0 0 0.509524 35 -170.686 2
Refer: 2827 9474 S 1 0 0 0.509524 -35 -170.686 2
EndChar
