StartChar: SF530000
Encoding: 9579 9579 2933
Width: 926
VWidth: 0
UnlinkRmOvrlpSave: 1
Flags: HW
LayerCount: 2
Fore
Refer: 2914 9553 N 1 0 0 1 0 0 2
Refer: 2825 9472 S 0.475162 0 0 1 486 0 2
Refer: 2825 9472 S 0.475162 0 0 1 0 0 2
EndChar
