StartChar: SF510000
Encoding: 9554 9554 2916
Width: 463
VWidth: 0
UnlinkRmOvrlpSave: 1
Flags: HW
LayerCount: 2
Fore
Refer: 2827 9474 N 1 0 0 0.537302 0 -161.019 2
Refer: 2825 9472 S 0.526998 0 0 1 219 -35 2
Refer: 2825 9472 S 0.526998 0 0 1 219 35 2
EndChar
