StartChar: SF210000
Encoding: 9558 9558 2920
Width: 926
UnlinkRmOvrlpSave: 1
Flags: HW
LayerCount: 2
Fore
Refer: 2825 9472 N 0.550756 0 0 1 0 0 2
Refer: 2827 9474 N 1 0 0 0.509524 35 -170.686 2
Refer: 2827 9474 N 1 0 0 0.509524 -35 -170.686 2
EndChar
