StartChar: SF270000
Encoding: 9564 9564 2931
Width: 926
UnlinkRmOvrlpSave: 1
Flags: HW
LayerCount: 2
Fore
Refer: 2827 9474 N 1 0 0 0.509524 -35 447.314 2
Refer: 2827 9474 N 1 0 0 0.509524 35 447.314 2
Refer: 2825 9472 N 0.550756 0 0 1 0 0 2
EndChar
