StartChar: SF260000
Encoding: 9565 9565 2930
Width: 926
VWidth: 0
UnlinkRmOvrlpSave: 1
Flags: HW
LayerCount: 2
Fore
Refer: 2827 9474 N 1 0 0 0.537302 35 421.981 2
Refer: 2827 9474 S 1 0 0 0.481746 -35 472.648 2
Refer: 2825 9472 N 0.550756 0 0 1 0 -35 2
Refer: 2825 9472 S 0.475162 0 0 1 5.10703e-15 35 2
EndChar
