StartChar: afii10110
Encoding: 1118 1118 1231
GlifName: afii10110
Width: 446
VWidth: 1159
Flags: W
HStem: -330 30<404 432 256 271 102 164 -3 31> 508 36<184.777 283.223>
VStem: 98 64.3243<564.405 625.752> 305.676 64.3243<564.405 625.752>
DStem2: 265 97 58 -243 0.447214 0.894427<-14.7689 152.969>
LayerCount: 2
Fore
Refer: 1376 58086 S 1 0 0 1 431 71 2
Refer: 1072 1091 N 1 0 0 1 0 0 3
Validated: 1
EndChar
