StartChar: afii57716
Encoding: 1520 1520 2483
GlifName: afii57716
Width: 528
UnlinkRmOvrlpSave: 1
Flags: HW
HStem: 405.24 21G<172.306 185.133 436.306 449.133>
VStem: 140.36 21.1592<-8.30522 1.9646> 167.04 36.2002<219.702 423.349> 404.36 21.1592<-8.30522 1.9646> 431.04 36.2002<219.702 423.349>
LayerCount: 2
Fore
Refer: 2461 1493 N 1 0 0 1 264 0 2
Refer: 2461 1493 N 1 0 0 1 0 0 2
EndChar
