StartChar: aringacute.smcp
Encoding: 57825 57825 2186
GlifName: aringacute.smcp
Width: 530
VWidth: 1159
Flags: W
HStem: -4.3 29.9<23.3 61.425 342.407 372.926> 170.1 29.6<189.749 321.807> 550.265 31.606<243.555 312.276> 670.129 31.606<244.724 313.101>
VStem: 201.28 32.227<592.081 658.825> 263.2 34.6<439.075 504.1> 323.493 32.227<593.175 659.808>
LayerCount: 2
Fore
Refer: 2032 57671 N 1 0 0 1 0 0 3
Refer: 98 778 S 1 0 0 1 476.5 125 2
Refer: 470 58080 S 0.745874 0.0958213 -0.313113 0.780289 607.65 380.825 2
Validated: 1
EndChar
