StartChar: clickalveolar.pcap
Encoding: 57472 57472 1744
GlifName: clickalveolar.pcap
Width: 378
VWidth: 1515
UnlinkRmOvrlpSave: 1
Flags: HW
HStem: 124 53.9999<60 318> 245 53.9999<60 318>
LayerCount: 2
Fore
Refer: 1968 58114 N 0.258 0 0 1.17391 60 272 2
Refer: 1968 58114 N 0.258 0 0 1.17391 60 151 2
Refer: 1741 57470 N 1 0 0 1 90 1 2
EndChar
