StartChar: uni028D
Encoding: 653 653 2712
Width: 657
Flags: HW
HStem: 2 30<103 147 215 274 375 412 466 505 616 652>
DStem2: 210 308 160 275 0.445318 0.895373<-266.408 -0.637142> 210 308 336 132 0.269208 -0.963082<0 202.488> 449 294 403 275 0.453531 0.891241<-195.326 -1.73782>
LayerCount: 2
Fore
Refer: 22 119 N -1 0 0 -1 657 403 2
EndChar
