StartChar: uni024F
Encoding: 591 591 2710
Width: 446
VWidth: 1159
UnlinkRmOvrlpSave: 1
Flags: HW
HStem: 365 30<9 37 170 185 277 339 410 444> 478.6 184.8
VStem: 120.75 225.5
DStem2: 176 -32 383 308 0.447214 0.894427<-152.969 14.7689>
LayerCount: 2
Fore
Refer: 441 821 S 1.26174 0 0 0.90921 448.329 -274.383 2
Refer: 24 121 N 1 0 0 1 0 0 3
EndChar
