StartChar: uni04EF
Encoding: 1263 1263 1384
GlifName: uni04E_F_
Width: 446
VWidth: 0
Flags: W
HStem: -330 30<404 432 256 271 102 164 -3 31> 519 49<104 363>
DStem2: 265 97 58 -243 0.447214 0.894427<-14.7689 152.969>
LayerCount: 2
Fore
Refer: 101 772 N 1 0 0 1 431 72 2
Refer: 1072 1091 N 1 0 0 1 0 0 3
Validated: 1
EndChar
