StartChar: uni024E
Encoding: 590 590 2706
Width: 755
UnlinkRmOvrlpSave: 1
Flags: HW
HStem: -11 42<257 330.923 466.301 555.814> 509 33<36.0003 720> 649 35.2148<222.294 277.95 491 493 674 676.328> 651 39<19.4737 89.3442 247.708 279.641 664.659 739>
VStem: 363 78<94.0509 324.999>
LayerCount: 2
Fore
Refer: 455 58036 N 0.869123 0 0 0.916667 747.812 42.4167 2
Refer: 57 89 N 1 0 0 1 0 0 3
EndChar
