StartChar: uni01E0
Encoding: 480 480 784
GlifName: uni01E_0
Width: 705
Flags: HW
HStem: -10 37<475.198 516.465 640.751 690.047> 245 42<237 427.657> 692 20G<348 395.5> 749 93<326.142 415.858> 864.14 45.8603<215 526>
VStem: 316 110<757.605 833.429> 350 43<632.023 712>
DStem2: 96 80 154 87 0.391141 0.920331<-3.53261 211.909 245.659 524.174> 407 642 465 236 0.354654 -0.934998<388.302 400.179 571.058 597.203>
LayerCount: 2
Fore
Refer: 26 65 N 1 0 0 1 0 0 3
Refer: 164 58025 N 1 0 0 0.861111 293 102.306 2
Refer: 160 58021 N 1 0 0 0.849266 222 220.396 2
Position2: "cpsp-1" dx=0 dy=0 dh=50 dv=100
EndChar
