StartChar: uni019B
Encoding: 411 411 2721
Width: 464
VWidth: 1038
UnlinkRmOvrlpSave: 1
Flags: HW
LayerCount: 2
Fore
Refer: 1970 58113 S 0.284488 0.177084 -0.547233 0.872389 15.756 489.958 2
Refer: 1013 955 N 1 0 0 1 0 0 2
EndChar
