StartChar: uni04D2
Encoding: 1234 1234 1387
GlifName: uni04D_2
Width: 724
Flags: HW
HStem: -10 37<485.198 526.465 650.751 700.047> 245 42<247 437.657> 692 20G<358 405.5> 756 98<240.22 321.78 432.22 513.78>
VStem: 231 100<765.068 844.968> 360 43<632.023 712> 423 100<765.068 844.968>
DStem2: 106 80 164 87 0.391141 0.920331<-3.53261 211.909 245.659 524.174> 417 642 475 236 0.354654 -0.934998<388.302 400.179 571.058 597.203>
LayerCount: 2
Fore
Refer: 163 58024 N 1 0 0 1 227 0 2
Refer: 1054 1040 N 1 0 0 1 0 0 3
EndChar
