StartChar: uni024E
Encoding: 590 590 2706
Width: 735
VWidth: 1159
UnlinkRmOvrlpSave: 1
Flags: W
HStem: -11 42<247 320.923 456.301 545.814> 509 33<26.0003 710> 649 35.2148<212.294 267.95 481 483 664 666.328> 651 39<9.47368 79.3442 237.708 269.641 654.659 729>
VStem: 353 78<94.0509 324.999>
LayerCount: 2
Fore
Refer: 455 58036 S 0.869123 0 0 0.916667 737.812 42.4167 2
Refer: 57 89 N 1 0 0 1 0 0 3
EndChar
