StartChar: uni04F3
Encoding: 1267 1267 1082
GlifName: uni04F_3
Width: 446
VWidth: 0
Flags: W
HStem: -330 30<404 432 256 271 102 164 -3 31>
DStem2: 265 97 58 -243 0.447214 0.894427<-14.7689 152.969>
LayerCount: 2
Fore
Refer: 102 779 N 1 0 0 1 431 60 2
Refer: 1072 1091 N 1 0 0 1 0 0 3
Validated: 1
EndChar
