StartChar: uni0230
Encoding: 560 560 790
GlifName: uni0230
Width: 845
VWidth: 0
Flags: W
HStem: -13 50<350.825 545.448> 660 49<304.396 495.712> 749 93<384.142 473.858> 864.14 45.8603<273 584>
VStem: 43 93<264.284 455.257> 374 110<757.605 833.429> 701 101<219.4 441.786>
LayerCount: 2
Fore
Refer: 164 58025 N 1 0 0 0.861111 351 102.306 2
Refer: 160 58021 N 1 0 0 0.849266 280 220.396 2
Refer: 40 79 N 1 0 0 1 0 0 3
Validated: 1
Position2: "cpsp-1" dx=0 dy=0 dh=50 dv=100
EndChar
