StartChar: uni01E0
Encoding: 480 480 784
GlifName: uni01E_0
Width: 724
Flags: HW
HStem: -10 37<485.198 526.465 650.751 700.047> 245 42<247 437.657> 692 20G<358 405.5> 749 93<336.142 425.858> 864.14 45.8603<225 536>
VStem: 326 110<757.605 833.429> 360 43<632.023 712>
DStem2: 106 80 164 87 0.391141 0.920331<-3.53261 211.909 245.659 524.174> 417 642 475 236 0.354654 -0.934998<388.302 400.179 571.058 597.203>
LayerCount: 2
Fore
Refer: 26 65 N 1 0 0 1 0 0 3
Refer: 164 58025 N 1 0 0 0.861111 303 102.306 2
Refer: 160 58021 N 1 0 0 0.849266 232 220.396 2
Position2: "cpsp-1" dx=0 dy=0 dh=50 dv=100
EndChar
