StartChar: uni04D0
Encoding: 1232 1232 1385
GlifName: uni04D_0
Width: 724
Flags: HW
HStem: -10 37<485.198 526.465 650.751 700.047> 245 42<247 437.657> 692 20G<358 405.5> 747 36<328.434 435.566>
VStem: 234 70<803.405 864.752> 360 43<632.023 712> 460 70<803.405 864.752>
DStem2: 106 80 164 87 0.391141 0.920331<-3.53261 211.909 245.659 524.174> 417 642 475 236 0.354654 -0.934998<388.302 400.179 571.058 597.203>
LayerCount: 2
Fore
Refer: 1375 58087 N 1 0 0 1 221 0 2
Refer: 1054 1040 N 1 0 0 1 0 0 3
EndChar
