StartChar: uni04F1
Encoding: 1265 1265 1081
GlifName: uni04F_1
Width: 446
VWidth: 0
Flags: W
HStem: -330 30<404 432 256 271 102 164 -3 31> 519 84<108.694 183.306 284.694 359.306>
VStem: 103 86<524.582 597.441> 279 86<524.582 597.441>
DStem2: 265 97 58 -243 0.447214 0.894427<-14.7689 152.969>
LayerCount: 2
Fore
Refer: 97 776 N 1 0 0 1 431 76 2
Refer: 1072 1091 N 1 0 0 1 0 0 3
Validated: 1
EndChar
