StartChar: uni0268
Encoding: 616 616 2714
Width: 263
VWidth: 1159
UnlinkRmOvrlpSave: 1
Flags: W
HStem: -7 33<33 87 184 254> 187 35<25.0001 252> 572 102<98.589 183.411>
VStem: 89 104<581.438 664.599> 97 71<57 330>
LayerCount: 2
Fore
Refer: 441 821 N 0.761745 0 0 0.921053 273.329 -280.895 2
Refer: 8 105 N 1 0 0 1 0 0 3
EndChar
