StartChar: uni024D
Encoding: 589 589 2723
Width: 358
UnlinkRmOvrlpSave: 1
Flags: HW
HStem: -5 32<30 59 177 273> 187.496 34.55<16.0015 282> 316 108<269 335>
VStem: 91 69<53 321>
LayerCount: 2
Fore
Refer: 441 821 N 0.892612 0 0 0.90921 306.993 -274.383 2
Refer: 17 114 N 1 0 0 1 0 0 3
EndChar
