StartChar: uni023B
Encoding: 571 571 1767
GlifName: uni023B_
Width: 743
VWidth: 1159
UnlinkRmOvrlpSave: 1
Flags: W
HStem: -13 42<347.099 553.906> 670 40<327.101 545.759>
VStem: 43 103<243.914 469.499> 633 33<533.188 599.436> 673 27<146.932 165.074>
LayerCount: 2
Fore
Refer: 1967 58113 N 0.512153 0.819214 -0.901492 0.563039 223.423 -68.1662 2
Refer: 28 67 N 1 0 0 1 0 0 2
EndChar
