StartChar: uni05AE
Encoding: 1454 1454 2563
GlifName: uni05A_E_
Width: 0
VWidth: 0
Flags: W
HStem: -0.0384962 141.038<-518.113 -98.1389> 433 141<-457.18 -178.509>
VStem: -525.062 506.242<6.11042 135.78>
LayerCount: 2
Fore
Refer: 2547 1432 N 1 0 0 1 -278 0 2
Validated: 1
EndChar
