StartChar: uni0246
Encoding: 582 582 1766
GlifName: uni0246
Width: 661
UnlinkRmOvrlpSave: 1
Flags: HW
HStem: -9 35<50 95.5829> 3.06988 37.3024<225.897 486.73> 333 36<199 467.393> 649.076 36.8926<242.298 481.505> 660 31<42 102.489>
VStem: 116 93<372.594 641.287> 120.788 78.2122<90.4624 333 369 606.123> 491 36<247.75 305.348 393.846 441.094> 532 30<536 622.25> 592 28<152.034 171.75>
LayerCount: 2
Fore
Refer: 1967 58113 N 0.512153 0.819214 -0.901492 0.563039 82.4234 -68.1662 2
Refer: 30 69 N 1 0 0 1 0 0 2
EndChar
