StartChar: uni1E4F.smcp
Encoding: 57904 57904 2262
GlifName: uni1E_4F_.smcp
Width: 651
VWidth: 1159
Flags: W
HStem: -5.6 40.9<271.034 427.015> 461.7 39.2<230.39 375.856> 694.154 84<216.59 291.202 392.59 467.202>
VStem: 52.1 82.5<180.762 335.941> 210.896 86<699.736 772.595> 386.896 86<699.736 772.595> 509.9 89.1<144.602 324.626>
LayerCount: 2
Fore
Refer: 97 776 N 1 0 0 1 538.896 251.154 2
Refer: 100 771 N 0.996195 -0.0871557 0.0871557 0.996195 495.96 105.684 2
Refer: 2043 57685 N 1 0 0 1 0 0 3
Validated: 1
EndChar
