StartChar: uni1EF9
Encoding: 7929 7929 724
GlifName: uni1E_F_9
Width: 446
Flags: HW
HStem: -330 30<404 432 256 271 102 164 -3 31> 504.645 21G<97.574 135.245> 517.053 60<229.037 322.363> 554.391 59.446<149.194 242.501>
VStem: 97.574 273.107
DStem2: 265 97 58 -243 0.447214 0.894427<-14.7689 152.969>
LayerCount: 2
Fore
Refer: 100 771 N 1 0 0 1 442.5 83 2
Refer: 24 121 N 1 0 0 1 0 0 3
EndChar
