StartChar: uni1F8E
Encoding: 8078 8078 1573
GlifName: uni1F_8E_
Width: 724
Flags: HW
HStem: -295 44.4951<347.881 418.245> -10 37<485.198 526.465 650.751 700.047> 245 42<247 437.657> 518.048 23.76<132.19 178.839> 652.832 79.92<158.112 203.064> 692 20G<358 405.5> 728.337 23.1G<72.574 110.245> 741.985 66<204.037 297.363> 783.057 65.3906<124.194 217.501>
VStem: 72.574 273.107 211.03 48.6<558.997 638.051> 306.95 65.9873<-249.952 -89.5438> 320.954 71.1582<-220.355 -87.5068> 360 43<632.023 712>
DStem2: 106 80 164 87 0.391141 0.920331<-3.53261 211.909 245.659 524.174> 417 642 475 236 0.354654 -0.934998<388.302 400.179 571.058 597.203>
LayerCount: 2
Fore
Refer: 961 890 N 1 0 0 1 301.422 0 2
Refer: 1469 7950 N 1 0 0 1 0 0 2
EndChar
