StartChar: uni1E4F
Encoding: 7759 7759 807
GlifName: uni1E_4F_
Width: 505
Flags: HW
HStem: -11 39<199.926 327.747> 374 45<168.903 305.133> 617.154 84<148.59 223.202 324.59 399.202>
VStem: 32 76<130.211 291.037> 142.896 86<622.736 695.595> 318.896 86<622.736 695.595> 395 78<107.641 276.826>
LayerCount: 2
Fore
Refer: 100 771 N 0.996195 -0.0871557 0.0871557 0.996195 427.96 28.6837 2
Refer: 97 776 N 1 0 0 1 470.896 174.154 2
Refer: 14 111 N 1 0 0 1 0 0 3
EndChar
