StartChar: uni1ED3
Encoding: 7891 7891 853
GlifName: uni1E_D_3
Width: 505
VWidth: 0
Flags: W
HStem: -11 39<199.926 327.747> 374 45<168.903 305.133> 465.319 133.361
VStem: 32 76<130.211 291.037> 135.22 252.561 395 78<107.641 276.826>
AnchorPoint: "Bottom" 249 -15 basechar 0
LayerCount: 2
Fore
Refer: 94 768 S 0.782905 0.269867 0.00769009 0.706185 329.834 334.569 2
Refer: 471 58081 S 1 0 0 1 459 15 2
Refer: 14 111 N 1 0 0 1 0 0 2
Validated: 1
EndChar
