StartChar: uni1F88
Encoding: 8072 8072 1567
GlifName: uni1F_88
Width: 705
VWidth: 0
Flags: W
HStem: -295 44.4951<337.881 408.245> -10 37<475.198 516.465 640.751 690.047> 245 42<237 427.657> 518.048 23.76<118.19 164.839> 652.832 79.92<144.112 189.064> 692 20G<348 395.5>
VStem: 197.03 48.6<558.997 638.051> 296.95 65.9873<-249.952 -89.5438> 310.954 71.1582<-220.355 -87.5068> 350 43<632.023 712>
DStem2: 96 80 154 87 0.391141 0.920331<-3.53261 211.909 245.659 524.174> 407 642 465 236 0.354654 -0.934998<388.302 400.179 571.058 597.203>
LayerCount: 2
Fore
Refer: 961 890 N 1 0 0 1 291.422 0 2
Refer: 1463 7944 N 1 0 0 1 0 0 2
Validated: 1
EndChar
