StartChar: uni1EA5
Encoding: 7845 7845 839
GlifName: uni1E_A_5
Width: 413
VWidth: 0
Flags: W
HStem: -15 43<75 181> 161 32<153 246> 364 52<128 220> 465.319 133.361
VStem: 33 64<34 133> 75.22 252.561 247 65<60 164 191 321>
AnchorPoint: "Bottom" 193 -15 basechar 0
LayerCount: 2
Fore
Refer: 470 58080 S 0.745874 0.0958213 -0.313113 0.780289 609.65 243.825 2
Refer: 0 97 N 1 0 0 1 0 0 2
Refer: 471 58081 N 1 0 0 1 399 15 2
Validated: 1
EndChar
