StartChar: uni1E4E
Encoding: 7758 7758 806
GlifName: uni1E_4E_
Width: 845
VWidth: 0
Flags: HW
HStem: -7 50<342.523 545.448> 657 49<304.396 495.712> 741.104 50.5733<436.322 539.434> 772.575 50.1066<348.106 451.197> 836.504 84.4961<268.473 350.033 460.473 542.033>
VStem: 43 93<267.4 455.825> 259.253 100<844.322 913.213> 291.073 301.744 451.253 100<844.322 913.213> 701 101<222.803 442.21>
LayerCount: 2
Fore
Refer: 161 58022 N 1 0 0 0.842889 276 105.521 2
Refer: 40 79 N 1 0 0 1 0 0 3
Refer: 163 58024 S 1 0 0 0.862205 255.253 184.677 2
Position2: "cpsp-1" dx=0 dy=0 dh=50 dv=100
EndChar
