StartChar: uni1E33
Encoding: 7731 7731 557
GlifName: uni1E_33
Width: 486
Flags: HW
HStem: -173 102<198.589 283.411> -6 33<17 67 297 341 441 484> 371 32<251 284 383 449>
VStem: 88 63<55 214 237 488> 189 104<-163.562 -80.401>
DStem2: 215 255 161 220 0.728431 -0.685119<0 239.996>
LayerCount: 2
Fore
Refer: 272 803 N 1 0 0 1 435 0 2
Refer: 10 107 N 1 0 0 1 0 0 3
EndChar
