StartChar: uni1EA7.pcap
Encoding: 57624 57624 1907
GlifName: uni1E_A_7.pcap
Width: 472
VWidth: 1159
Flags: W
HStem: -7 25<34 58.0979 295 312.5> 138 30<175 275.575> 395 20G<232.5 267> 465.319 133.361
VStem: 112.22 252.561 234 31<355.154 415>
LayerCount: 2
Fore
Refer: 94 768 S 0.782905 0.269867 0.00769009 0.706185 306.834 334.569 2
Refer: 643 57347 N 1 0 0 1 0 0 3
Refer: 471 58081 S 1 0 0 1 436 15 2
Validated: 1
EndChar
