StartChar: uni1F1B
Encoding: 7963 7963 1474
GlifName: uni1F_1B_
Width: 885
Flags: HW
HStem: -9 35<291 336.583> 3.06988 37.3024<466.897 727.73> 333 36<440 708.393> 516.048 23.76<69.9981 116.647> 649.076 36.8926<483.298 722.505> 650.832 79.92<44.6202 90.7254> 660 31<283 343.489>
VStem: -10.7935 47.52<558.127 635.887> 357 93<372.594 641.287> 361.788 78.2122<90.4624 333 369 606.123> 732 36<247.75 305.348 393.846 441.094> 773 30<536 622.25> 833 28<152.034 171.75>
LayerCount: 2
Fore
Refer: 2385 8175 N 1.08329 -0.191013 0.191013 1.08329 -48.2958 97.955 2
Refer: 1615 8190 N 1.08 0 0 1.08 -79.9135 -17.472 2
Refer: 980 917 N 1 0 0 1 266 0 2
EndChar
