StartChar: uni1EB1.pcap
Encoding: 57629 57629 1909
GlifName: uni1E_B_1.pcap
Width: 472
VWidth: 1159
Flags: HW
HStem: -7 25<34 58.0979 295 312.5> 138 30<175 275.575> 395 20G<232.5 267> 480.274 54.719<172.997 312.259>
VStem: 110.322 28.08<576.771 593.079> 234 31<355.154 415> 347.598 28.081<579.635 593.079>
AnchorPoint: "Bottom" 234 -15 basechar 0
LayerCount: 2
Fore
Refer: 94 768 S 0.782905 0.269867 0.00769009 0.706185 392.834 326.569 2
Refer: 643 57347 N 1 0 0 1 0 0 3
Refer: 105 774 S 1 0 0 1 440.5 44 2
EndChar
