StartChar: uni1F18
Encoding: 7960 7960 1471
GlifName: uni1F_18
Width: 784
Flags: W
HStem: -9 35<190 235.583> 3.06988 37.3024<365.897 626.73> 333 36<339 607.393> 518.048 23.76<-2.80904 43.8394> 649.076 36.8926<382.298 621.505> 652.832 79.92<23.112 68.0649> 660 31<182 242.489>
VStem: 76.031 48.6<558.997 638.051> 256 93<372.594 641.287> 260.788 78.2122<90.4624 333 369 606.123> 631 36<247.75 305.348 393.846 441.094> 672 30<536 622.25> 732 28<152.034 171.75>
LayerCount: 2
Fore
Refer: 1607 8127 S 1.08 0 0 1.08 -119.273 -15.472 2
Refer: 980 917 N 1 0 0 1 165 0 2
Validated: 1
EndChar
