StartChar: uni1EB1
Encoding: 7857 7857 846
GlifName: uni1E_B_1
Width: 456
VWidth: 1159
Flags: HW
HStem: -15 43<75 181> 161 32<153 246> 364 52<128 220> 480.274 54.719<131.997 271.259>
VStem: 33 64<34 133> 69.322 28.08<576.771 593.079> 247 65<60 164 191 321> 306.598 28.081<579.635 593.079>
AnchorPoint: "Bottom" 193 -15 basechar 0
LayerCount: 2
Fore
Refer: 472 58082 S 0.735269 -0.0961128 0.300421 0.78383 181.09 191.981 2
Refer: 105 774 N 1 0 0 1 399.5 44 2
Refer: 0 97 N 1 0 0 1 0 0 2
EndChar
