StartChar: uni1F1C
Encoding: 7964 7964 1475
GlifName: uni1F_1C_
Width: 861
Flags: W
HStem: -9 35<267 312.583> 3.06988 37.3024<442.897 703.73> 333 36<416 684.393> 518.048 23.76<-20.809 25.8394> 649.076 36.8926<459.298 698.505> 652.832 79.92<5.11204 50.0649> 660 31<259 319.489>
VStem: 58.031 48.6<558.997 638.051> 333 93<372.594 641.287> 337.788 78.2122<90.4624 333 369 606.123> 708 36<247.75 305.348 393.846 441.094> 749 30<536 622.25> 809 28<152.034 171.75>
LayerCount: 2
Fore
Refer: 1617 8189 S 1.08329 0.191013 -0.191013 1.08329 98.2759 -26.841 2
Refer: 1607 8127 N 1.08 0 0 1.08 -137.273 -15.472 2
Refer: 980 917 N 1 0 0 1 242 0 2
Validated: 1
EndChar
