StartChar: uni1EAE
Encoding: 7854 7854 833
GlifName: uni1E_A_E_
Width: 705
VWidth: 0
UnlinkRmOvrlpSave: 1
Flags: W
HStem: -10 37<475.198 516.465 640.751 690.047> 245 42<237 427.657> 672.448 52.8333<284.399 453.868> 692 20G<348 395.5> 753.9 147.152
VStem: 225.765 287.47 314.493 234.89 350 43<632.023 712>
DStem2: 96 80 154 87 0.391141 0.920331<-3.53261 211.909 245.659 524.174> 407 642 465 236 0.354654 -0.934998<388.302 400.179 571.058 597.203>
AnchorPoint: "Bottom" 363 -15 basechar 0
LayerCount: 2
Fore
Refer: 90 58018 N 1 0 0 1 288 9 2
Refer: 162 58023 N 1 0 0 1 209 -75 2
Refer: 26 65 N 1 0 0 1 0 0 2
Position2: "cpsp-1" dx=0 dy=0 dh=50 dv=100
EndChar
