StartChar: uni1F8B
Encoding: 8075 8075 1570
GlifName: uni1F_8B_
Width: 724
Flags: HW
HStem: -295 44.4951<339.881 410.245> -10 37<489.198 530.465 654.751 704.047> 245 42<251 441.657> 516.048 23.76<74.9981 121.647> 650.832 79.92<49.6202 95.7254> 692 20G<362 409.5>
VStem: -5.7935 47.52<558.127 635.887> 298.95 65.9873<-249.952 -89.5438> 312.954 71.1582<-220.355 -87.5068> 364 43<632.023 712>
DStem2: 110 80 168 87 0.391141 0.920331<-3.53261 211.909 245.659 524.174> 421 642 479 236 0.354654 -0.934998<388.302 400.179 571.058 597.203>
LayerCount: 2
Fore
Refer: 961 890 N 1 0 0 1 293.422 0 2
Refer: 1466 7947 N 1 0 0 1 0 0 2
EndChar
