StartChar: uni1EB1.smcp
Encoding: 57953 57953 2314
GlifName: uni1E_B_1.smcp
Width: 530
VWidth: 1159
Flags: W
HStem: -4.3 29.9<23.3 61.425 342.407 372.926> 170.1 29.6<189.749 321.807> 560.274 54.719<212.997 352.259>
VStem: 150.322 28.08<656.771 673.079> 263.2 34.6<439.075 504.1> 387.598 28.081<659.635 673.079>
AnchorPoint: "Bottom" 234 -15 basechar 0
LayerCount: 2
Fore
Refer: 2032 57671 S 1 0 0 1 0 0 3
Refer: 105 774 N 1 0 0 1 480.5 124 2
Refer: 94 768 N 0.782905 0.269867 0.00769009 0.706185 432.834 406.569 2
Validated: 1
EndChar
