StartChar: uni1E8F
Encoding: 7823 7823 634
GlifName: uni1E_8F_
Width: 446
VWidth: 0
Flags: W
HStem: -330 30<404 432 256 271 102 164 -3 31> 527 102<190.589 275.411>
VStem: 181 104<536.438 619.599>
DStem2: 265 97 58 -243 0.447214 0.894427<-14.7689 152.969>
LayerCount: 2
Fore
Refer: 49 775 N 1 0 0 1 431 76 2
Refer: 24 121 N 1 0 0 1 0 0 3
Validated: 1
EndChar
