StartChar: uni1EF7
Encoding: 7927 7927 757
GlifName: uni1E_F_7
Width: 446
Flags: HW
HStem: -330 30<404 432 256 271 102 164 -3 31> 653 25<215.539 245.948>
VStem: 205 40<497.234 557.043> 259 48.5<572.957 648.828>
DStem2: 265 97 58 -243 0.447214 0.894427<-14.7689 152.969>
LayerCount: 2
Fore
Refer: 748 777 N 1 0 0 1 454 21 2
Refer: 24 121 N 1 0 0 1 0 0 3
EndChar
