StartChar: uni2505
Encoding: 9477 9477 2978
Width: 926
VWidth: 0
Flags: HW
LayerCount: 2
Fore
Refer: 2826 9473 N 0.167387 0 0 1 694 0 2
Refer: 2826 9473 N 0.167387 0 0 1 386 0 2
Refer: 2826 9473 S 0.167387 0 0 1 77 0 2
EndChar
