StartChar: uni2504
Encoding: 9476 9476 2967
Width: 926
Flags: HW
LayerCount: 2
Fore
Refer: 2825 9472 N 0.166846 0 0 1 694.25 0 2
Refer: 2825 9472 N 0.166846 0 0 1 386.25 0 2
Refer: 2825 9472 N 0.166846 0 0 1 77.25 0 2
EndChar
