StartChar: uni2152.alt
Encoding: 58447 58447 1733
GlifName: uni2152.alt
Width: 938
UnlinkRmOvrlpSave: 1
Flags: HW
HStem: -85.9562 27.288<759.846 841.541> -83 21.1313<377.996 424.86> 230.829 28.8754<734.484 820.516> 234.251 18.965<385.812 432.409> 244.012 19.3835<528.25 562.862> 263 21.1313<33.996 80.8599> 580.251 18.965<41.8124 88.4091> 590.012 19.3835<184.25 218.862>
VStem: 102.908 54.7691<295.274 574.761> 446.908 54.7691<-50.7258 228.761> 635.063 65.3421<0.390111 174.962> 871.901 69.4395<-5.79748 179.884>
LayerCount: 2
Fore
Refer: 1966 58112 N 0.197336 0.235176 -0.829881 0.696353 688.832 -29.5878 2
Refer: 937 8530 N 1 0 0 1 0 0 2
EndChar
