StartChar: uni2196
Encoding: 8598 8598 2607
Width: 572
VWidth: 1159
UnlinkRmOvrlpSave: 1
Flags: W
LayerCount: 2
Fore
Refer: 1302 8593 N 0.707107 0.707107 -0.707107 0.707107 420.093 -105.731 2
EndChar
