StartChar: uni2197
Encoding: 8599 8599 2611
Width: 572
VWidth: 1159
Flags: HW
HStem: 454 267
VStem: 20 289
LayerCount: 2
Fore
Refer: 1302 8593 N 0.707107 -0.707107 0.707107 0.707107 -80.5387 126.907 2
EndChar
