StartChar: uni2199
Encoding: 8601 8601 2610
Width: 572
VWidth: 1159
UnlinkRmOvrlpSave: 1
Flags: W
LayerCount: 2
Fore
Refer: 1302 8593 N -0.707107 0.707107 -0.707107 -0.707107 652.731 394.901 2
EndChar
