StartChar: uni250F
Encoding: 9487 9487 2851
Width: 463
VWidth: 0
UnlinkRmOvrlpSave: 1
Flags: HW
LayerCount: 2
Fore
Refer: 2828 9475 N 1 0 0 0.52619 0 -164.886 2
Refer: 2826 9473 S 0.572355 0 0 1 198 0 2
EndChar
