StartChar: uni2517
Encoding: 9495 9495 2853
Width: 463
VWidth: 0
UnlinkRmOvrlpSave: 1
Flags: HW
LayerCount: 2
Fore
Refer: 2826 9473 N 0.572355 0 0 1 198 0 2
Refer: 2828 9475 N 1 0 0 0.52619 0 432.114 2
EndChar
