StartChar: uni260C
Encoding: 9740 9740 2626
Width: 574
UnlinkRmOvrlpSave: 1
Flags: HW
HStem: 1 33<203.15 319.348> 358 36<180.377 302.898>
VStem: 55 73<109.281 280.474> 368 79<105.768 284.433>
LayerCount: 2
Fore
Refer: 1968 58114 N 0.156272 0.131128 -0.586893 0.699432 386.864 309.436 2
Refer: 63 48 N 1 0 0 1 0 0 2
EndChar
