StartChar: uni2513
Encoding: 9491 9491 2852
Width: 463
VWidth: 0
UnlinkRmOvrlpSave: 1
Flags: HW
LayerCount: 2
Fore
Refer: 2826 9473 S 0.570195 0 0 1 0 0 2
Refer: 2828 9475 N 1 0 0 0.52619 0 -164.886 2
EndChar
