StartChar: uni266E
Encoding: 9838 9838 1443
GlifName: uni266E_
Width: 268
UnlinkRmOvrlpSave: 1
Flags: HW
LayerCount: 2
Fore
Refer: 1969 58115 N 0.177 0.0541143 0 1.54545 44 477.943 2
Refer: 1969 58115 N 0.177 0.0541143 0 1.54545 44 232.943 2
Refer: 1967 58113 N 0 -0.563 0.9375 0 206 553 2
Refer: 1967 58113 N 0 -0.563 0.9375 0 59 770 2
EndChar
