StartChar: uni26A9
Encoding: 9897 9897 2492
GlifName: uni26A_9
Width: 827
UnlinkRmOvrlpSave: 1
Flags: HW
HStem: -6.19043 45.9102<187.066 334.55> 409.24 41.9502<168.346 309.235>
VStem: 23.3037 72.2705<141.177 322.529> 404.455 71.2812<126.822 309.69>
LayerCount: 2
Fore
Refer: 1968 58114 N -2.75645e-008 0.23 -0.869566 6.19865e-008 542.333 119.756 2
Refer: 1968 58114 N 0.23 2.75645e-008 6.19865e-008 0.869566 463.566 234.377 2
Refer: 1530 9898 N 1 0 0 1 -0.480469 1 2
Refer: 1534 8963 N -3.60999e-007 -0.87 0.818184 -3.83861e-007 229.09 377.694 2
EndChar
