StartChar: uni2189.alt
Encoding: 58448 58448 1734
GlifName: uni2189.alt
Width: 644
UnlinkRmOvrlpSave: 1
Flags: HW
HStem: -98.18 21.08<415.36 451.821> 71.36 20.26<437.94 468.518> 220.44 41.54<448.25 537.676> 260.044 27.288<154.846 236.541> 576.829 28.8754<129.484 215.516>
VStem: 30.0628 65.3421<346.39 520.962> 266.901 69.4395<340.203 525.884> 546.76 59.16<143.039 210.447> 557.92 64.98<-15.6881 60.3078>
LayerCount: 2
Fore
Refer: 1966 58112 N 0.197336 0.235176 -0.829881 0.696353 83.8321 316.412 2
Refer: 1425 8585 N 1 0 0 1 0 0 2
EndChar
