StartChar: uni260D
Encoding: 9741 9741 2630
Width: 691
VWidth: 1159
Flags: HW
LayerCount: 2
Fore
Refer: 1970 58113 N 0.145548 0.12213 -0.642788 0.766044 271.226 185.935 2
Refer: 1397 8320 N 1 0 0 1 334 317 2
Refer: 1397 8320 N 1.02 0 0 1.02 13.5946 63.8504 2
EndChar
