StartChar: uni260D
Encoding: 9741 9741 2627
Width: 691
VWidth: 1159
UnlinkRmOvrlpSave: 1
Flags: W
HStem: -17.9438 26.5549<157.268 238.953> 235.047 27.8578<134.056 220.293> 236.81 26.0342<474.856 554.939> 484.84 27.3115<452.099 536.645>
VStem: 40.6654 64.9344<51.6169 193.601> 265.187 68.6876<46.0371 197.637> 360.54 63.6611<305.006 444.206> 580.659 67.3408<299.536 448.163>
LayerCount: 2
Fore
Refer: 1967 58113 N 0.145548 0.12213 -0.642788 0.766044 271.226 185.935 2
Refer: 1396 8320 N 1 0 0 1 334 317 2
Refer: 1396 8320 N 1.02 0 0 1.02 13.5946 63.8504 2
EndChar
