StartChar: uniE47D
Encoding: 58493 58493 2428
GlifName: uniE_47D_
Width: 727
Flags: HW
HStem: -10 37<497.198 538.465 662.751 712.047> 245 42<259 449.657> 518.048 23.76<9.19096 55.8394> 652.832 79.92<35.112 80.0649> 692 20G<370 417.5>
VStem: 88.031 48.6<558.997 638.051> 372 43<632.023 712>
DStem2: 118 80 176 87 0.391141 0.920331<-3.53261 211.909 245.659 524.174> 429 642 487 236 0.354654 -0.934998<388.302 400.179 571.058 597.203>
LayerCount: 2
Fore
Refer: 1608 8126 N 1 0 0 1 730 -1 2
Refer: 1465 7946 N 1 0 0 1 0 0 2
EndChar
