StartChar: uniE47C
Encoding: 58492 58492 2427
GlifName: uniE_47C_
Width: 705
VWidth: 0
Flags: W
HStem: -10 37<475.198 516.465 640.751 690.047> 245 42<237 427.657> 516.048 23.76<167.998 214.647> 650.832 79.92<142.62 188.725> 692 20G<348 395.5>
VStem: 87.2065 47.52<558.127 635.887> 350 43<632.023 712>
DStem2: 96 80 154 87 0.391141 0.920331<-3.53261 211.909 245.659 524.174> 407 642 465 236 0.354654 -0.934998<388.302 400.179 571.058 597.203>
LayerCount: 2
Fore
Refer: 1608 8126 N 1 0 0 1 708 -1 2
Refer: 1464 7945 N 1 0 0 1 0 0 2
Validated: 1
EndChar
