StartChar: uniE47E
Encoding: 58494 58494 2429
GlifName: uniE_47E_
Width: 717
VWidth: 0
Flags: HW
HStem: -10 37<487.198 528.465 652.751 702.047> 245 42<249 439.657> 516.048 23.76<72.9981 119.647> 650.832 79.92<47.6202 93.7254> 692 20<360 407.5>
VStem: -7.7935 47.52<558.127 635.887> 362 43<632.023 712>
DStem2: 108 80 166 87 0.391141 0.920331<-3.53261 211.909 245.659 524.174> 419 642 477 236 0.354654 -0.934998<388.302 400.179 571.058 597.203>
LayerCount: 2
Fore
Refer: 1608 8126 N 1 0 0 1 720 -1 2
Refer: 1466 7947 N 1 0 0 1 0 0 2
EndChar
