StartChar: uniE47F
Encoding: 58495 58495 2430
GlifName: uniE_47F_
Width: 724
Flags: HW
HStem: -10 37<485.198 526.465 650.751 700.047> 245 42<247 437.657> 518.048 23.76<13.191 59.8394> 652.832 79.92<39.112 84.0649> 692 20G<358 405.5>
VStem: 92.031 48.6<558.997 638.051> 360 43<632.023 712>
DStem2: 106 80 164 87 0.391141 0.920331<-3.53261 211.909 245.659 524.174> 417 642 475 236 0.354654 -0.934998<388.302 400.179 571.058 597.203>
LayerCount: 2
Fore
Refer: 1608 8126 N 1 0 0 1 718 -1 2
Refer: 1467 7948 N 1 0 0 1 0 0 2
EndChar
