StartChar: uniE2F8
Encoding: 58104 58104 2786
Width: 472
VWidth: 1159
Flags: HW
HStem: -7 25<34 58.0979 295 312.5> 138 30<175 275.575> 395 20G<232.5 267> 465.319 133.361
VStem: 112.22 252.561 234 31<355.154 415>
AnchorPoint: "Top" 241 465 mark 0
LayerCount: 2
Fore
Refer: 472 58082 S 0.737828 -0.102438 0.301174 0.777257 136.233 201.742 2
Refer: 471 58081 N 1 0 0 1 436 15 2
EndChar
