StartChar: uniE2F3
Encoding: 58099 58099 2781
Width: 568
VWidth: 1159
Flags: HW
HStem: -5 37<240.993 370.228> 378 35<202.127 322.544> 617.154 84<169.59 244.202 345.59 420.202>
VStem: 56 78<146.969 286.001> 163.896 86<622.736 695.595> 339.896 86<622.736 695.595> 428 84<111.049 270.5>
AnchorPoint: "Top" 286 465 mark 0
LayerCount: 2
Fore
Refer: 100 771 N 0.996195 -0.0871557 0.0871557 0.996195 448.96 28.6837 2
Refer: 97 776 N 1 0 0 1 491.896 174.154 2
EndChar
