StartChar: uniE47C
Encoding: 58492 58492 2427
GlifName: uniE_47C_
Width: 724
Flags: HW
HStem: -10 37<485.198 526.465 650.751 700.047> 245 42<247 437.657> 516.048 23.76<177.998 224.647> 650.832 79.92<152.62 198.725> 692 20G<358 405.5>
VStem: 97.2065 47.52<558.127 635.887> 360 43<632.023 712>
DStem2: 106 80 164 87 0.391141 0.920331<-3.53261 211.909 245.659 524.174> 417 642 475 236 0.354654 -0.934998<388.302 400.179 571.058 597.203>
LayerCount: 2
Fore
Refer: 1608 8126 N 1 0 0 1 718 -1 2
Refer: 1464 7945 N 1 0 0 1 0 0 2
EndChar
