StartChar: uniE2CB
Encoding: 58059 58059 2813
Width: 705
VWidth: 0
Flags: HW
HStem: -10 37<475.198 516.465 640.751 690.047> 245 42<237 427.657> 672.448 52.8333<284.399 453.868> 692 20G<348 395.5> 884.798 31<353.734 389.112>
VStem: 225.765 287.47 290.5 61<852.116 883.505> 348.5 40<753.743 803.306> 350 43<632.023 712> 395.5 58<821.748 883.16>
DStem2: 96 80 154 87 0.391141 0.920331<-3.53261 211.909 245.659 524.174> 407 642 465 236 0.354654 -0.934998<388.302 400.179 571.058 597.203>
AnchorPoint: "Top" 367 699 mark 0
LayerCount: 2
Fore
Refer: 162 58023 N 1 0 0 1 209 -75 2
Refer: 749 58037 N 1 0 0 1 721.5 12.7979 2
EndChar
