StartChar: uniE47E
Encoding: 58494 58494 2429
GlifName: uniE_47E_
Width: 724
Flags: HW
HStem: -10 37<489.198 530.465 654.751 704.047> 245 42<251 441.657> 516.048 23.76<74.9981 121.647> 650.832 79.92<49.6202 95.7254> 692 20G<362 409.5>
VStem: -5.7935 47.52<558.127 635.887> 364 43<632.023 712>
DStem2: 110 80 168 87 0.391141 0.920331<-3.53261 211.909 245.659 524.174> 421 642 479 236 0.354654 -0.934998<388.302 400.179 571.058 597.203>
LayerCount: 2
Fore
Refer: 1608 8126 N 1 0 0 1 722 -1 2
Refer: 1466 7947 N 1 0 0 1 0 0 2
EndChar
