StartChar: uniE493
Encoding: 58515 58515 2450
GlifName: uniE_493
Width: 724
Flags: HW
HStem: -10 37<485.198 526.465 650.751 700.047> 245 42<247 437.657> 692 20G<358 405.5>
VStem: 360 43<632.023 712>
DStem2: 106 80 164 87 0.391141 0.920331<-3.53261 211.909 245.659 524.174> 417 642 475 236 0.354654 -0.934998<388.302 400.179 571.058 597.203>
LayerCount: 2
Fore
Refer: 1608 8126 N 1 0 0 1 718 -1 2
Refer: 976 913 N 1 0 0 1 0 0 2
EndChar
