StartChar: uniE2FC
Encoding: 58108 58108 2790
Width: 472
VWidth: 1159
Flags: HW
HStem: -7 25<34 58.0979 295 312.5> 138 30<175 275.575> 395 20G<232.5 267> 480.274 54.719<172.997 312.259>
VStem: 110.322 28.08<576.771 593.079> 234 31<355.154 415> 347.598 28.081<579.635 593.079>
AnchorPoint: "Top" 243 465 mark 0
LayerCount: 2
Fore
Refer: 472 58082 N 0.737828 -0.102438 0.301174 0.777257 222.233 193.742 2
Refer: 105 774 N 1 0 0 1 440.5 44 2
EndChar
