StartChar: uniFB4A
Encoding: 64330 64330 2689
Width: 561
VWidth: 0
HStem: 231.3 102.325 440.2 127.04<166.8 387.854>
VStem: 264.12 99.9625 436.56 20.3203<-8.45655 3.17762> 459.687 46.7139<37.917 367.349>
LayerCount: 2
Fore
Refer: 2482 1514 N 1 0 0 1 0 0 2
Refer: 2515 1468 S 1 0 0 1 48 0 2
EndChar
