StartChar: ygrave
Encoding: 7923 7923 728
GlifName: ygrave
Width: 446
Flags: HW
HStem: -330 30<404 432 256 271 102 164 -3 31> 486.175 225.516
VStem: 93.514 169.82
DStem2: 265 97 58 -243 0.447214 0.894427<-14.7689 152.969>
LayerCount: 2
Fore
Refer: 94 768 N 1 0 0 1 431 56 2
Refer: 24 121 N 1 0 0 1 0 0 3
EndChar
