StartChar: zero.proportionalliningalt
Encoding: 58421 58421 1726
GlifName: zero.proportionalliningalt
Width: 499
UnlinkRmOvrlpSave: 1
Flags: HW
HStem: -10 33<220.172 312.266> 620 36<185.683 287.028>
VStem: 55 73<175.959 491.558> 368 79<157.951 499.233>
LayerCount: 2
Fore
Refer: 1967 58113 N 0.263595 0.349802 -0.748721 0.564202 118.203 152.099 2
Refer: 901 58388 N 1 0 0 1 0 0 2
EndChar
