StartChar: zero.denomalt
Encoding: 58427 58427 1732
GlifName: zero.denomalt
Width: 344
VWidth: 1159
UnlinkRmOvrlpSave: 1
Flags: W
HStem: -85.9562 27.288<154.846 236.541> 230.829 28.8754<129.484 215.516>
VStem: 30.0628 65.3421<0.390111 174.962> 266.901 69.4395<-5.79748 179.884>
LayerCount: 2
Fore
Refer: 1966 58112 S 0.197336 0.235176 -0.829881 0.696353 83.8321 -29.5878 2
Refer: 912 58398 N 1 0 0 1 0 0 2
EndChar
