StartChar: zero.proportionalliningalt
Encoding: 58421 58421 1729
GlifName: zero.proportionalliningalt
Width: 499
VWidth: 1159
UnlinkRmOvrlpSave: 1
Flags: HW
HStem: -10 33<219.172 311.266> 620 36<184.683 286.028>
VStem: 54 73<175.959 491.558> 367 79<157.951 499.232>
LayerCount: 2
Fore
Refer: 1970 58113 S 0.263595 0.349802 -0.748721 0.564202 118.203 152.099 2
Refer: 901 58388 N 1 0 0 1 0 0 2
EndChar
