StartChar: zero.numeratoralt
Encoding: 58426 58426 1731
GlifName: zero.numeratoralt
Width: 345
VWidth: 1159
UnlinkRmOvrlpSave: 1
Flags: W
HStem: 260.044 27.288<154.846 236.541> 576.829 28.8754<129.484 215.516>
VStem: 30.0628 65.3421<346.39 520.962> 266.901 69.4395<340.203 525.884>
LayerCount: 2
Fore
Refer: 1966 58112 S 0.197336 0.235176 -0.829881 0.696353 83.8321 316.412 2
Refer: 922 58408 N 1 0 0 1 0 0 2
EndChar
