StartChar: IJ
Encoding: 306 306 344
Width: 747
VWidth: 0
HStem: -8 72<5.44043 119.394 235.832 313.052> 0 65<5.44043 120.403> 616 76<148.673 230.373 355.126 451.496>
LayerCount: 2
Fore
Refer: 35 74 N 1 0 0 1 389 0 2
Refer: 34 73 N 1 0 0 1 0 0 2
Position2: "cpsp-1" dx=0 dy=0 dh=10 dv=20
EndChar
