StartChar: Ibreve
Encoding: 300 300 212
Width: 453
VWidth: 0
Flags: W
HStem: -8 72<5.44043 119.394 235.832 313.052> 0 65<5.44043 120.403> 616 76<148.673 230.373 355.126 451.496>
VStem: 198.321 33.4678<827.449 841.462>
LayerCount: 2
Fore
Refer: 163 -1 N 1 0 0 1 3.33624 0 2
Refer: 34 73 N 1 0 0 1 0 0 3
Position2: "cpsp-1" dx=0 dy=0 dh=10 dv=20
EndChar
