StartChar: Ibreve
Encoding: 300 300 212
Width: 391
VWidth: 0
Flags: W
HStem: -2 40<-5.74609 95.0633 204.093 280.957> 656 43<138.421 215.708 330.979 416.446>
VStem: 198.321 33.4678<827.449 841.462>
LayerCount: 2
Fore
Refer: 163 -1 N 1 0 0 1 3.33624 0 2
Refer: 34 73 N 1 0 0 1 0 0 3
Position2: "cpsp-1" dx=0 dy=0 dh=10 dv=20
EndChar
