StartChar: Idotaccent
Encoding: 304 304 213
Width: 453
VWidth: 0
Flags: HW
HStem: -8 72<5.44043 119.394 235.832 313.052> 0 65<5.44043 120.403> 616 76<148.673 230.373 355.126 451.496> 890.888 141.122<199.668 297.839>
VStem: 176.823 143.889<912.826 1010.15>
LayerCount: 2
Fore
Refer: 165 -1 N 1 0 0 1 89.3362 0 2
Refer: 34 73 N 1 0 0 1 0 0 3
Position2: "cpsp-1" dx=0 dy=0 dh=10 dv=20
EndChar
