StartChar: Iotadieresis
Encoding: 938 938 1028
Width: 453
VWidth: 1159
Flags: HW
HStem: -8 72<5.44043 119.394 235.832 313.052> 0 65<5.44043 120.403> 616 76<148.673 230.373 355.126 451.496> 882.028 126.567<149.893 237.939 341.893 429.939>
VStem: 129.404 129.048<901.703 988.992> 321.404 129.048<901.703 988.992>
LayerCount: 2
Fore
Refer: 164 -1 N 1 0 0 1 39.9132 0 2
Refer: 1012 921 N 1 0 0 1 0 0 3
Position2: "cpsp-1" dx=0 dy=0 dh=10 dv=20
EndChar
