StartChar: Itilde
Encoding: 296 296 210
Width: 453
VWidth: 0
Flags: HW
HStem: -8 72<5.44043 119.394 235.832 313.052> 0 65<5.44043 120.403> 616 76<148.673 230.373 355.126 451.496> 902.408 86<277.987 353.803> 949.746 85.4463<184.246 265.093>
VStem: 104.804 324.946
LayerCount: 2
Fore
Refer: 162 -1 N 1 0 0 1 0.336242 0 2
Refer: 34 73 N 1 0 0 1 0 0 3
Position2: "cpsp-1" dx=0 dy=0 dh=10 dv=20
EndChar
