StartChar: Itilde
Encoding: 296 296 210
Width: 391
VWidth: 0
Flags: W
HStem: -2 40<-5.74609 95.0633 204.093 280.957> 656 43<138.421 215.708 330.979 416.446> 741.645 21<176.65 217.297> 754.053 60<340.296 433.676> 791.391 59.4463<250.731 340.296>
VStem: 176.65 325.038
LayerCount: 2
Fore
Refer: 162 -1 N 1 0 0 1 0.336242 0 2
Refer: 34 73 N 1 0 0 1 0 0 3
Position2: "cpsp-1" dx=0 dy=0 dh=10 dv=20
EndChar
