StartChar: Scedilla
Encoding: 350 350 292
Width: 563
VWidth: 0
UnlinkRmOvrlpSave: 1
Flags: HW
HStem: -14 77<171.634 343.191> -1 21G<3.28672 68.9244> 613 74<279.446 459.37>
VStem: 3.28672 62.1494<2.54947 24.1148> 20.9723 69.125<145.497 185> 225.411 70.897<-182.621 -103.12>
LayerCount: 2
Fore
Refer: 282 -1 N 1 0 0 1 420.339 0 2
Refer: 44 83 N 1 0 0 1 0 0 3
Position2: "cpsp-1" dx=0 dy=0 dh=10 dv=20
Substitution2: "'locl' Localized Forms Romanian and Moldavian-1" Scommaaccent
EndChar
