StartChar: Scommaaccent
Encoding: 536 536 497
Width: 563
VWidth: 0
Flags: HW
HStem: -177.1 149 -14 77<171.634 343.191> -1 21G<3.28672 68.9244> 613 74<279.446 459.37>
VStem: 3.28672 62.1494<2.54947 24.1148> 20.9723 69.125<145.497 185> 186.339 102<-122.261 -42.3>
LayerCount: 2
Fore
Refer: 276 806 N 1 0 0 1 422.339 0 2
Refer: 44 83 N 1 0 0 1 0 0 3
Position2: "cpsp-1" dx=0 dy=0 dh=10 dv=20
EndChar
