StartChar: afii10078
Encoding: 1084 1084 1117
Width: 588
VWidth: 1159
Flags: W
HStem: -6.56641 26.5195<12.204 56.2866 132.423 172.403 382.047 422.632> 377.833 28.4082<19.9604 68.5728 521.364 558.655>
VStem: 74.824 40.3398<79.1084 279.542> 262.358 29.4043<3.74121 55.1367> 439.391 62.8096<84.0046 286.745 347.435 370.37>
LayerCount: 2
Fore
Refer: 657 -1 N 1 0 0 1 -30 0 2
Validated: 1
EndChar
