StartChar: afii10087
Encoding: 1093 1093 1101
Width: 520
VWidth: 0
Flags: HW
HStem: -10 103<28.0413 108.316> -9.83984 90.8398<302.517 413.3> 409 100<133.861 241.586 399.746 463.847>
VStem: -0.625318 61.2402<93.2887 117> 41.0866 60.5586<344.292 370.369> 464.019 58.5957<385.72 405.51>
LayerCount: 2
Fore
Refer: 23 120 N 1 0 0 1 0 0 3
EndChar
