StartChar: approxequal
Encoding: 8776 8776 1350
Width: 463
VWidth: 0
Flags: W
HStem: 107.992 55.2901<196.424 366.483> 133.338 54.8118<102.18 272.536> 231.992 55.2901<196.424 366.483> 257.338 54.8118<102.18 272.536>
LayerCount: 2
Fore
Refer: 340 126 N 1.10339 0 0 0.863908 14.1251 -56.1964 2
Refer: 340 126 N 1.10339 0 0 0.863908 14.1251 67.8036 2
Validated: 1
EndChar
