StartChar: gravecombhigh
Encoding: 65559 -1 473
Width: 0
VWidth: 1159
Flags: W
LayerCount: 2
Fore
Refer: 95 768 N 0.86012 0.45148 -0.351495 0.861865 155.508 189.031 2
Validated: 1
EndChar
