StartChar: logicalnot
Encoding: 172 172 1242
Width: 533
UnlinkRmOvrlpSave: 1
Flags: W
HStem: 212.391 89.2172<61.0279 472>
LayerCount: 2
Fore
Refer: 1462 58114 N 0 -0.17 0.982553 0 434.663 244 2
Refer: 331 8722 N 0.999932 0 0 1 0.0320297 0 2
EndChar
