StartChar: lslash
Encoding: 322 322 457
Width: 259
VWidth: 1159
UnlinkRmOvrlpSave: 1
Flags: HW
HStem: -10 21G<67.9604 112.787> 749 20G<232.287 262.287>
VStem: 37.2873 82<53.6655 157.415>
LayerCount: 2
Fore
Refer: 322 823 S 0.765537 -0.608919 -0.131231 0.956953 368.694 27.3842 2
Refer: 11 108 N 1 0 0 1 0 0 2
Substitution2: "case-1" Lslash
EndChar
