StartChar: multiply
Encoding: 215 215 445
Width: 533
UnlinkRmOvrlpSave: 1
Flags: W
LayerCount: 2
Fore
Refer: 1463 58115 N 0.262889 -0.334969 0.843865 0.69745 192.052 437.985 2
Refer: 1462 58114 N 0.415188 0.342406 -0.592186 0.752034 116.403 99.297 2
EndChar
