StartChar: numbersign
Encoding: 35 35 336
Width: 463
VWidth: 0
UnlinkRmOvrlpSave: 1
Flags: W
LayerCount: 2
Fore
Refer: 326 124 N 0.894737 0 0.199336 0.683927 99.8667 152.516 2
Refer: 326 124 N 0.894737 0 0.199336 0.683927 220.867 152.516 2
Refer: 453 -1 N 0.929786 0.0832063 0.42388 1.45952 366.68 -100.304 2
Refer: 453 -1 N 0.929786 0.0832063 0.42388 1.45952 315.124 -264.304 2
EndChar
