StartChar: uni033B
Encoding: 827 827 898
Width: 0
Flags: HW
HStem: -177 46<-267 -121> -88 46<-267 -121>
AnchorPoint: "Bottom" -195.551 -12 mark 0
LayerCount: 2
Fore
Refer: 1461 58113 N -0.146 0 -0.157703 -0.741935 -153.096 -151 2
Refer: 1461 58113 N -0.146 0 -0.157703 -0.741935 -134.179 -62 2
Refer: 1461 58113 N 0.0292057 0.1351 -0.770981 0 -280.106 -174.1 2
Refer: 1461 58113 N 0.0294727 0.1351 -0.77803 0 -182.881 -174.1 2
EndChar
