StartChar: uni020A
Encoding: 522 522 485
Width: 453
VWidth: 0
Flags: HW
HStem: -8 72<5.44043 119.394 235.832 313.052> 0 65<5.44043 120.403> 616 76<148.673 230.373 355.126 451.496> 940.531 76.7188<180.992 328.481>
VStem: 101.673 305.357
LayerCount: 2
Fore
Refer: 110 785 N 1 0 0 1 428.878 306 2
Refer: 34 73 N 1 0 0 1 0 0 3
Position2: "cpsp-1" dx=0 dy=0 dh=10 dv=20
EndChar
