StartChar: uni01E9
Encoding: 489 489 308
Width: 470
VWidth: 0
Flags: W
HStem: -6 21G<0.831055 3.33105> 372.562 46.4375<251.198 342.797> 661 28<74.5811 116.443> 749 20G<215.331 254.331> 779.6 184.801
VStem: 0.331055 70<-5 81.6634> 163.714 225.5 320.23 68.0957<292.691 368.052>
LayerCount: 2
Fore
Refer: 104 780 N 1 0 0 1 350.596 348 2
Refer: 10 107 N 1 0 0 1 0 0 3
Substitution2: "case-1" uni01E8
EndChar
