StartChar: uni01DC
Encoding: 476 476 744
Width: 536
VWidth: 0
Flags: HW
HStem: -18 56<286.605 378.674> -10 70<78.1053 168.105> 341 75<119.105 178.105> 387 20G<430.605 438.105> 635.08 105.84<151.599 245.611 327.599 421.611>
VStem: 144.425 108.36<642.114 733.915> 320.425 108.36<642.114 733.915>
LayerCount: 2
Fore
Refer: 95 768 S 0.86012 0.45148 -0.351495 0.861865 598.613 283.031 2
Refer: 98 776 N 1 0 0 1 461.605 42 2
Refer: 20 117 N 1 0 0 1 0 0 3
Substitution2: "case-1" uni01DB
EndChar
