StartChar: uni1E60
Encoding: 7776 7776 589
Width: 563
VWidth: 0
Flags: HW
HStem: -14 77<171.634 343.191> -1 21G<3.28672 68.9244> 613 74<279.446 459.37> 890.888 141.122<361.672 459.842>
VStem: 3.28672 62.1494<2.54947 24.1148> 20.9723 69.125<145.497 185> 338.826 143.889<912.826 1010.15>
LayerCount: 2
Fore
Refer: 165 -1 N 1 0 0 1 251.339 0 2
Refer: 44 83 N 1 0 0 1 0 0 3
Position2: "cpsp-1" dx=0 dy=0 dh=10 dv=20
EndChar
