StartChar: uni1F32
Encoding: 7986 7986 1209
Width: 292
VWidth: 1043
Flags: HW
HStem: 620 149
VStem: 43.04 102<674.839 754.8>
LayerCount: 2
Fore
Refer: 112 787 S 1 0 0 1 237.04 51 2
Refer: 95 768 S 0.984808 -0.173648 0.173648 0.984808 358.788 22.957 2
Refer: 1039 953 N 1 0 0 1 0 0 3
EndChar
