StartChar: uni1F33
Encoding: 7987 7987 1210
Width: 292
VWidth: 1043
Flags: HW
HStem: 620 149<110.37 140.403>
VStem: 47.04 102<674.839 754.8>
AnchorPoint: "Bottom" 228.578 -15 basechar 0
LayerCount: 2
Fore
Refer: 95 768 S 0.984808 -0.173648 0.173648 0.984808 344.788 22.957 2
Refer: 721 788 S 1 0 0 1 298.04 51 2
Refer: 1039 953 N 1 0 0 1 0 0 3
EndChar
