StartChar: uni1EC2
Encoding: 7874 7874 890
Width: 683
VWidth: 0
Flags: HW
HStem: -10 36<4.20215 60.1368> 337 36<227.173 421.499> 659 31<150.872 192.652> 680 20G<562.614 583.261> 876.798 31<450.672 486.05>
VStem: 387.438 61<844.116 875.505> 438.604 36.7646<251 326.443> 445.438 40<745.743 795.306> 492.438 58<813.748 875.16> 519.983 25.9209<536 581.468>
AnchorPoint: "Bottom" 327 -15 basechar 0
LayerCount: 2
Fore
Refer: 776 -1 N 1 0 0 1 818.438 4.79779 2
Refer: 160 -1 N 1 0 0 1 195.938 -53 2
Refer: 30 69 N 1 0 0 1 0 0 2
Position2: "cpsp-1" dx=0 dy=0 dh=10 dv=20
EndChar
