StartChar: uni1E2C
Encoding: 7724 7724 609
Width: 453
VWidth: 0
Flags: HW
HStem: -159.893 80.1168<190.244 258.864> -115.793 79.601<105.399 178.573> -8 72<5.44043 119.394 235.832 313.052> 0 65<5.44043 120.403> 616 76<148.673 230.373 355.126 451.496>
VStem: 33.497 294.106
LayerCount: 2
Fore
Refer: 603 816 N 1 0 0 1 386.913 -1 2
Refer: 34 73 N 1 0 0 1 0 0 3
Position2: "cpsp-1" dx=0 dy=0 dh=10 dv=20
EndChar
