StartChar: uni1EC8
Encoding: 7880 7880 886
Width: 453
VWidth: 0
Flags: W
HStem: -8 72<5.44043 119.394 235.832 313.052> 0 65<5.44043 120.403> 616 76<148.673 230.373 355.126 451.496> 872 31<175.147 210.525>
VStem: 111.913 61<839.318 870.707> 169.913 40<740.945 790.508> 216.913 58<808.95 870.362>
LayerCount: 2
Fore
Refer: 776 -1 N 1 0 0 1 542.913 0 2
Refer: 34 73 N 1 0 0 1 0 0 3
Position2: "cpsp-1" dx=0 dy=0 dh=10 dv=20
EndChar
