StartChar: uni1F23
Encoding: 7971 7971 1372
Width: 490
VWidth: 1047
Flags: HW
HStem: 620 149<260.908 290.941>
VStem: 197.578 102<674.839 754.8>
AnchorPoint: "Bottom" 98.4092 -15 basechar 0
LayerCount: 2
Fore
Refer: 721 788 S 1 0 0 1 448.578 51 2
Refer: 95 768 S 0.984808 -0.173648 0.173648 0.984808 495.326 22.957 2
Refer: 1037 951 N 1 0 0 1 0 0 3
EndChar
