StartChar: uni1EA7
Encoding: 7847 7847 868
Width: 447
VWidth: 0
Flags: HW
HStem: -10 97<94.2354 184.826 309.177 393.582> 449.319 133.361 485 20G<378.761 444.808>
VStem: 18.5986 97.9414<96.1415 221.174> 64.625 252.561
AnchorPoint: "Bottom" 193 -15 basechar 0
LayerCount: 2
Fore
Refer: 95 768 S 0.86012 0.45148 -0.351495 0.861865 609.913 283.031 2
Refer: 472 -1 S 1 0 0 1 388.405 -1 2
Refer: 0 97 N 1 0 0 1 0 0 2
EndChar
