StartChar: uni1EA8
Encoding: 7848 7848 858
Width: 715
VWidth: 1159
Flags: HW
HStem: -177 78.1279<-199.919 -98.3319> 0.542969 50.457<-136.281 -117.822> 876.798 31<480.356 515.734>
VStem: -272.816 98.4385<-124.671 -35.1372> 417.122 61<844.116 875.505> 475.122 40<745.743 795.306> 522.122 58<813.748 875.16>
AnchorPoint: "Bottom" 363 -15 basechar 0
LayerCount: 2
Fore
Refer: 776 -1 S 1 0 0 1 848.122 4.79779 2
Refer: 26 65 N 1 0 0 1 0 0 3
Refer: 160 -1 S 1 0 0 1 225.622 -53 2
Position2: "cpsp-1" dx=0 dy=0 dh=10 dv=20
EndChar
