StartChar: uni1E2A
Encoding: 7722 7722 607
Width: 858
VWidth: 0
Flags: HW
HStem: -161 76.7188<118.405 265.894> -7 76<-5.11286 73.3043 188.362 225.573 541.478 601.036 712.992 751.423> 0 69<-5.07228 73.3043> 311 68<248.135 651.894> 615 72<136.629 180.21 305.874 366.087 672.524 708.998> 623 70<828.856 890.879>
VStem: 39.8562 305.357
LayerCount: 2
Fore
Refer: 604 814 S 1 0 0 1 387.008 0 2
Refer: 33 72 N 1 0 0 1 0 0 3
Position2: "cpsp-1" dx=0 dy=0 dh=10 dv=20
EndChar
