StartChar: uni1F22
Encoding: 7970 7970 1371
Width: 490
VWidth: 1047
Flags: W
HStem: 496.42 200.07
VStem: 153.082 131.469
AnchorPoint: "Bottom" 98.4092 -15 basechar 0
LayerCount: 2
Fore
Refer: 112 787 S 1 0 0 1 388.578 51 2
Refer: 95 768 S 0.984808 -0.173648 0.173648 0.984808 510.326 22.957 2
Refer: 1037 951 N 1 0 0 1 0 0 3
EndChar
