StartChar: uni1EB1
Encoding: 7857 7857 874
Width: 447
VWidth: 1159
Flags: W
HStem: -10 97<92.6952 182.78 307.637 392.042> 456.274 54.7188<230.729 360.01> 485 20G<377.221 443.268>
VStem: 17.0587 97.9413<96.1417 221.174> 174.709 31.0049<543.032 565.649>
AnchorPoint: "Bottom" 193 -15 basechar 0
LayerCount: 2
Fore
Refer: 95 768 N 0.86012 0.45148 -0.351495 0.861865 556.913 283.031 2
Refer: 0 97 N 1 0 0 1 0 0 2
Refer: 106 774 N 1 0 0 1 388.905 20 2
EndChar
