StartChar: uni1E26
Encoding: 7718 7718 553
Width: 858
VWidth: 0
Flags: HW
HStem: -7 76<-5.11286 73.3043 188.362 225.573 541.478 601.036 712.992 751.423> 0 69<-5.07228 73.3043> 311 68<248.135 651.894> 615 72<136.629 180.21 305.874 366.087 672.524 708.998> 623 70<828.856 890.879> 915.41 105.84<290.391 384.403 466.391 560.403>
VStem: 283.217 108.36<922.444 1014.25> 459.217 108.36<922.444 1014.25>
LayerCount: 2
Fore
Refer: 1239 168 S 1 0 0 1 248.397 322.33 2
Refer: 33 72 N 1 0 0 1 0 0 3
Position2: "cpsp-1" dx=0 dy=0 dh=10 dv=20
EndChar
