StartChar: uni1EB1
Encoding: 7857 7857 874
Width: 447
VWidth: 1159
Flags: HW
HStem: -10 97<94.2354 184.826 309.177 393.582> 485 20G<378.761 444.808> 596 76.7188<140.302 287.791>
VStem: 18.5986 97.9414<96.1415 221.174> 61.753 305.357
AnchorPoint: "Bottom" 193 -15 basechar 0
LayerCount: 2
Fore
Refer: 95 768 N 0.86012 0.45148 -0.351495 0.861865 556.913 283.031 2
Refer: 0 97 N 1 0 0 1 0 0 2
Refer: 106 774 N 1 0 0 1 388.905 20 2
EndChar
