StartChar: uni1F43
Encoding: 8003 8003 1367
Width: 510
VWidth: 1043
Flags: W
HStem: 491.2 201.6
VStem: 182.152 112.8
LayerCount: 2
Fore
Refer: 95 768 S 0.984808 -0.173648 0.173648 0.984808 456.795 22.957 2
Refer: 721 788 S 1 0 0 1 410.047 51 2
Refer: 1045 959 N 1 0 0 1 0 0 3
EndChar
