StartChar: uni1E51
Encoding: 7761 7761 836
Width: 422
VWidth: 0
Flags: HW
HStem: -10 65<174.096 258.023> 433 74<227.748 322.787> 636.022 80.9567<157.88 416.88>
VStem: 31.0957 109.074<94.5032 295.923> 350.17 108.83<201.003 404.137>
LayerCount: 2
Fore
Refer: 14 111 N 1 0 0 1 0 0 2
Refer: 95 768 S 0.86012 0.45148 -0.351495 0.861865 626.888 283.031 2
Refer: 102 772 N 1 0 0 1 458.88 49 2
EndChar
