StartChar: uni1E8B
Encoding: 7819 7819 632
Width: 520
VWidth: 0
Flags: HW
HStem: -10 103<28.0413 108.316> -9.83984 90.8398<302.517 413.3> 409 100<133.861 241.586 399.746 463.847> 658.7 132.6<190.077 282.319>
VStem: -0.625318 61.2402<93.2887 117> 41.0866 60.5586<344.292 370.369> 168.61 135.2<679.313 770.763> 464.019 58.5957<385.72 405.51>
LayerCount: 2
Fore
Refer: 50 775 N 1 0 0 1 412.194 76 2
Refer: 23 120 N 1 0 0 1 0 0 3
EndChar
