StartChar: uni1EC1
Encoding: 7873 7873 893
Width: 365
VWidth: 0
Flags: HW
HStem: -15 51<132.022 226.541> 367 54<183.053 254.388> 449.319 133.361
VStem: 34.0341 71.9619<61.4685 197.627> 83.22 252.561 271.504 60<289.245 349.853>
AnchorPoint: "Bottom" 205 -15 basechar 0
LayerCount: 2
Fore
Refer: 95 768 N 0.86012 0.45148 -0.351495 0.861865 628.508 283.031 2
Refer: 472 -1 N 1 0 0 1 407 -1 2
Refer: 4 101 N 1 0 0 1 0 0 2
EndChar
