StartChar: uni1E64
Encoding: 7780 7780 878
Width: 563
VWidth: 0
Flags: HW
HStem: -14 77<171.634 343.191> -1 21G<3.28672 68.9244> 613 74<279.446 459.37> 937.217 141.122<298.616 396.786>
VStem: 3.28672 62.1494<2.54947 24.1148> 20.9723 69.125<145.497 185> 275.77 143.889<959.155 1056.48>
AnchorPoint: "Bottom" 297 -15 basechar 0
LayerCount: 2
Fore
Refer: 44 83 N 1 0 0 1 0 0 2
Refer: 91 -1 N 1 0 0 1 271.339 -11 2
Refer: 165 -1 S 1 0 0 1 188.283 46.3291 2
Position2: "cpsp-1" dx=0 dy=0 dh=10 dv=20
EndChar
