StartChar: uni1E66
Encoding: 7782 7782 839
Width: 563
VWidth: 1159
UnlinkRmOvrlpSave: 1
Flags: HW
HStem: -14 77<171.634 343.191> -1 21G<3.28672 68.9244> 613 74<279.446 459.37> 945.57 141.122<360.172 458.342>
VStem: 3.28672 62.1494<2.54947 24.1148> 20.9723 69.125<145.497 185> 337.326 143.889<967.507 1064.83>
AnchorPoint: "Bottom" 297 -15 basechar 0
LayerCount: 2
Fore
Refer: 44 83 N 1 0 0 1 0 0 2
Refer: 168 -1 N 1 0 0 1 187.339 -47 2
Refer: 165 -1 N 1 0 0 1 249.839 54.6816 2
Position2: "cpsp-1" dx=0 dy=0 dh=10 dv=20
EndChar
