StartChar: uni1E15
Encoding: 7701 7701 820
Width: 434
VWidth: 0
Flags: W
HStem: -15 51<132.518 227.037> 367 54<183.549 254.884> 495.6 49.2002<186.485 434.828>
VStem: 34.5302 71.9619<61.4685 197.627> 176.027 269.259 272 60<289.245 349.853>
AnchorPoint: "Bottom" 205 -15 basechar 0
LayerCount: 2
Fore
Refer: 95 768 S 0.86012 0.45148 -0.351495 0.861865 575.508 283.031 2
Refer: 4 101 N 1 0 0 1 0 0 3
Refer: 102 772 S 1 0 0 1 407.5 49 2
EndChar
