StartChar: uni1F13
Encoding: 7955 7955 1216
Width: 417
VWidth: 1043
Flags: W
HStem: 491.2 201.6
VStem: 162.683 112.8
AnchorPoint: "Bottom" 228.578 -15 basechar 0
LayerCount: 2
Fore
Refer: 95 768 S 0.984808 -0.173648 0.173648 0.984808 437.326 22.957 2
Refer: 721 788 S 1 0 0 1 390.578 51 2
Refer: 1035 949 N 1 0 0 1 0 0 3
EndChar
