StartChar: uni1E15
Encoding: 7701 7701 820
Width: 436
VWidth: 0
Flags: HW
HStem: -15 51<132.022 226.541> 367 54<183.053 254.388> 636.022 80.9567<106.004 365.004>
VStem: 34.0341 71.9619<61.4685 197.627> 271.504 60<289.245 349.853>
AnchorPoint: "Bottom" 205 -15 basechar 0
LayerCount: 2
Fore
Refer: 95 768 S 0.86012 0.45148 -0.351495 0.861865 575.012 283.031 2
Refer: 4 101 N 1 0 0 1 0 0 3
Refer: 102 772 S 1 0 0 1 407.004 49 2
EndChar
