StartChar: uni1E24
Encoding: 7716 7716 551
Width: 858
VWidth: 0
Flags: HW
HStem: -36.1119 141.122<156.996 255.167> -7 76<-5.11286 73.3043 188.362 225.573 541.478 601.036 712.992 751.423> 0 69<-5.07228 73.3043> 311 68<248.135 651.894> 615 72<136.629 180.21 305.874 366.087 672.524 708.998> 623 70<828.856 890.879>
VStem: 134.151 143.889<-14.1743 83.1531>
LayerCount: 2
Fore
Refer: 284 -1 S 1 0 0 1 318.664 0 2
Refer: 33 72 N 1 0 0 1 0 0 3
Position2: "cpsp-1" dx=0 dy=0 dh=10 dv=20
EndChar
