StartChar: uni1E2E
Encoding: 7726 7726 827
Width: 453
VWidth: 0
Flags: HW
HStem: -8 72<5.44043 119.394 235.832 313.052> 0 65<5.44043 120.403> 616 76<148.673 230.373 355.126 451.496> 845.028 126.567<149.893 237.939 341.893 429.939>
VStem: 129.404 129.048<864.703 951.992> 321.404 129.048<864.703 951.992>
AnchorPoint: "Bottom" 191 -15 basechar 0
LayerCount: 2
Fore
Refer: 34 73 N 1 0 0 1 0 0 2
Refer: 164 -1 N 1 0 0 1 39.9132 -37 2
Refer: 91 -1 N 1 0 0 1 132.052 65.7764 2
EndChar
