StartChar: uni1ED3
Encoding: 7891 7891 881
Width: 422
VWidth: 0
Flags: W
HStem: -10 65<168.926 252.853> 433 74<222.578 317.617> 449.319 133.361
VStem: 25.9262 109.074<94.5032 295.923> 134.6 252.561 345 108.83<201.003 404.137>
AnchorPoint: "Bottom" 249 -15 basechar 0
LayerCount: 2
Fore
Refer: 95 768 N 0.86012 0.45148 -0.351495 0.861865 679.888 283.031 2
Refer: 472 -1 N 1 0 0 1 458.38 -1 2
Refer: 14 111 N 1 0 0 1 0 0 2
EndChar
