StartChar: uni1ECA
Encoding: 7882 7882 884
Width: 453
VWidth: 0
Flags: HW
HStem: -36.1119 141.122<217.245 315.416> -8 72<5.44043 119.394 235.832 313.052> 0 65<5.44043 120.403> 616 76<148.673 230.373 355.126 451.496>
VStem: 194.399 143.889<-14.1743 83.1531>
LayerCount: 2
Fore
Refer: 284 -1 N 1 0 0 1 378.913 0 2
Refer: 34 73 N 1 0 0 1 0 0 3
Position2: "cpsp-1" dx=0 dy=0 dh=10 dv=20
EndChar
