StartChar: uni2249
Encoding: 8777 8777 1622
Width: 533
Flags: W
HStem: 81.0001 92.8028<226.941 297.233> 150.128 92.0583<85.7141 163.558> 287 92.8028<226.941 297.233> 356.128 92.0583<85.7141 163.558>
LayerCount: 2
Fore
Refer: 1350 8776 N 1 0 0 1 -21 0 2
Refer: 1461 58113 N 0.209471 0.449212 -0.962952 0.449032 139.765 39.3942 2
EndChar
