StartChar: uni2244
Encoding: 8772 8772 1620
Width: 533
Flags: W
HStem: 139.391 89.2172<61 472> 294 92.8028<247.941 318.233> 363.128 92.0583<106.714 184.558>
LayerCount: 2
Fore
Refer: 1461 58113 N 0.209471 0.449212 -0.962952 0.449032 154.765 68.3942 2
Refer: 1619 8771 N 1 0 0 1 0 0 2
EndChar
