StartChar: uni2079
Encoding: 8313 8313 1363
Width: 302
VWidth: 1159
Flags: W
LayerCount: 2
Fore
Refer: 946 -1 N -0.996195 0.0871557 -0.0871557 -0.996195 304.48 616.785 2
Validated: 1
EndChar
