StartChar: uni2011
Encoding: 8209 8209 912
Width: 247
VWidth: 1159
Flags: W
HStem: 183 118
VStem: 10 287
DStem2: 10 244 14 183 0.98012 0.198405<0 283.87>
LayerCount: 2
Fore
Refer: 48 45 N 1 0 0 1 0 0 2
Validated: 1
Position2: "'case' vertical ajustments for all-caps-1" dx=0 dy=90 dh=0 dv=0
EndChar
