StartChar: uniE2A0
Encoding: 58016 58016 1649
Width: 472
VWidth: 1159
Flags: HW
HStem: -7.24316 34.0425<171.447 302.281> 456.097 28.1233<187.963 303.692>
VStem: 54.593 26.6831<103.204 138.202> 71.5371 23.8804<-0.30249 10.249> 78.4111 69.8293<312.589 411.747> 337.557 69.6926<58.3147 161.149>
LayerCount: 2
Fore
Refer: 1629 57996 N 1 0 0 1 195 73 2
Refer: 692 -1 N 1 0 0 1 0 0 3
EndChar
