StartChar: uniE43A
Encoding: 58426 58426 1579
Width: 366
Flags: W
HStem: 260.684 62.3486<158.538 259.14> 545.028 61.6758<183.668 284.985>
LayerCount: 2
Fore
Refer: 1460 58112 S 0.197336 0.235176 -0.829881 0.696353 121.832 316.412 2
Refer: 1561 58408 N 1 0 0 1 0 0 2
EndChar
