StartChar: uniE416
Encoding: 58390 58390 1543
Width: 623
Flags: W
HStem: -6.54492 15.6328G<37.4619 56.5212 380.648 395.273> 0.992188 76.8711<140.71 306.674> 546.687 90.0449<164.098 284.535>
VStem: 307.269 94.7588<380.89 523.511>
LayerCount: 2
Fore
Refer: 1533 58380 N 1 0 0 1 49 0 2
EndChar
