StartChar: uniE29C
Encoding: 58012 58012 1645
Width: 511
VWidth: 1159
Flags: HW
HStem: -0.0693359 29.9336<166.464 340.178> 363.469 5.20508<184.875 185.177> 398.473 20G<76.9077 94.3906>
LayerCount: 2
Fore
Refer: 1629 57996 N 1 0 0 1 211 0 2
Refer: 670 -1 N 1 0 0 1 0 0 3
EndChar
