StartChar: uniE41B
Encoding: 58395 58395 1548
Width: 524
Flags: W
HStem: -7.33789 21G<142.563 146.975> 556.44 80.5371<85.3324 333.896> 654.783 20G<50.9206 92.2994>
VStem: 39.1351 103.429<-7.18066 33.5364>
LayerCount: 2
Fore
Refer: 1538 58385 N 1 0 0 1 3.82941 0 2
EndChar
