StartChar: uniE439
Encoding: 58425 58425 1578
Width: 344
Flags: W
HStem: -80.1904 58.0342<129.981 229.622> 136.84 58.3115<114.774 214.266>
VStem: 26.54 73.6611<8.9046 121.642> 243.659 70.3408<-7.7276 107.813>
LayerCount: 2
Fore
Refer: 1460 58112 S 0.177136 0.203772 -0.75471 0.656059 111.11 -44.8858 2
Refer: 1501 8320 N 1 0 0 1 0 0 2
EndChar
