StartChar: uniE43B
Encoding: 58427 58427 1580
Width: 366
Flags: W
HStem: -85.3164 62.3486<158.538 259.14> 199.028 61.6758<183.668 284.985>
LayerCount: 2
Fore
Refer: 1460 58112 S 0.197336 0.235176 -0.829881 0.696353 121.832 -29.5878 2
Refer: 1551 58398 N 1 0 0 1 0 0 2
EndChar
