StartChar: uniE299
Encoding: 58009 58009 1642
Width: 564
VWidth: 1159
Flags: HW
HStem: -9.68848 21G<175.92 206.616> -6.56641 28.9727<47.6191 85.8788> 384.584 25.2744<377.511 418.246 495.265 519.797>
VStem: 95.8086 41.3701<41.9182 308.676> 439.42 30.418<130.871 238.18> 452.616 24.2949<-5.99538 11.9605>
LayerCount: 2
Fore
Refer: 1629 57996 N 1 0 0 1 263 0 2
Refer: 658 -1 N 1 0 0 1 0 0 3
EndChar
