StartChar: uniE44F
Encoding: 58447 58447 1600
Width: 938
Flags: W
HStem: -85.3164 62.3486<755.538 856.14> -82.1182 55.9111<378.089 435.612 521.361 561.207> 198.267 56.3311<445.628 483.675> 199.028 61.6758<780.668 881.985> 205.407 57.7373<564.426 620.731> 263.882 55.9111<98.0889 155.612 241.361 281.207> 544.267 56.3311<165.628 203.675> 551.407 57.7373<284.426 340.731>
VStem: 88.9824 262.971 368.982 262.971
LayerCount: 2
Fore
Refer: 1460 58112 S 0.197336 0.235176 -0.829881 0.696353 726.832 -29.5878 2
Refer: 965 8530 N 1 0 0 1 0 0 2
EndChar
