StartChar: uniE29B
Encoding: 58011 58011 1644
Width: 435
VWidth: 1159
Flags: HW
HStem: -6.32422 31.0566<160.899 271.688> 384.129 24.8311<174.521 272.438>
VStem: 59.124 24.2441<89.4071 119.203> 72.3828 21.1738<-0.40332 6.53268> 78.2148 65.7725<264.338 350.96> 296.743 66.2568<45.4187 137.196>
LayerCount: 2
Fore
Refer: 1629 57996 N 1 0 0 1 169 0 2
Refer: 663 -1 N 1 0 0 1 0 0 3
EndChar
