StartChar: uniE450
Encoding: 58448 58448 1601
Width: 644
Flags: W
HStem: -99.1982 53.085<390.295 475.458> 191.824 70.4854<490.66 595.565> 260.684 62.3486<214.538 315.14> 545.028 61.6758<239.668 340.985>
VStem: 387.432 262.053
LayerCount: 2
Fore
Refer: 1460 58112 S 0.197336 0.235176 -0.829881 0.696353 121.832 316.412 2
Refer: 1614 8585 N 1 0 0 1 0 0 2
EndChar
