StartChar: uni01B6
Encoding: 438 438 1753
Width: 418
UnlinkRmOvrlpSave: 1
Flags: HW
HStem: 219.301 66.9406<96 450>
LayerCount: 2
Fore
Refer: 441 821 S 1.18792 0 0 0.90921 432.262 -226.383 2
Refer: 25 122 N 1 0 0 1 0 0 2
EndChar
