StartChar: uni023A
Encoding: 570 570 1759
Width: 715
UnlinkRmOvrlpSave: 1
Flags: HW
LayerCount: 2
Fore
Refer: 1961 58113 S 0.686031 0.819214 -0.781373 0.563039 93.6028 -68.1662 2
Refer: 26 65 N 1 0 0 1 0 0 2
EndChar
