StartChar: uni0247
Encoding: 583 583 1998
Width: 437
UnlinkRmOvrlpSave: 1
Flags: HW
LayerCount: 2
Fore
Refer: 1961 58113 S 0.430603 0.586748 -0.740551 0.432537 -3.5123 -47.3742 2
Refer: 4 101 N 1 0 0 1 0 0 2
EndChar
