StartChar: uni0268
Encoding: 616 616 2478
Width: 277
Flags: HW
HStem: -185.355 21<1.074 38.745> -172.947 60<132.537 225.863> -135.609 59.446<52.694 146.001> -7 33<57 111 208 278> 572 102<122.589 207.411>
VStem: 1.074 273.107 113 104<581.438 664.599> 121 71<57 330>
LayerCount: 2
Fore
Refer: 441 821 N 0.855705 0 0 0.921053 319.96 -246.895 2
Refer: 8 105 N 1 0 0 1 0 0 3
EndChar
