StartChar: uni0289
Encoding: 649 649 2482
Width: 558
Flags: HW
HStem: -11 55<191.833 292.833> 338 31<311.833 370.833> 569.253 54.719<216.574 355.836>
VStem: 89.8335 76<71 327> 153.154 28.081<511.167 524.611> 378.833 65<36 52 75 331> 390.431 28.08<511.167 527.475>
LayerCount: 2
Fore
Refer: 441 821 N 1.58389 0 0 0.90921 550.182 -274.383 2
Refer: 20 117 N 1 0 0 1 0 0 3
EndChar
