StartChar: uni024E
Encoding: 590 590 2472
Width: 674
Flags: HW
HStem: -11 42<205 278.923 414.301 503.814> 649 35.2148<170.294 225.95 439 441 622 624.328> 651 39<-32.5263 37.3442 195.708 227.641 612.659 687> 758 53.9999<188 499>
VStem: 311 78<94.0509 324.999>
LayerCount: 2
Fore
Refer: 455 58036 N 0.869123 0 0 0.916667 695.812 42.4167 2
Refer: 57 89 N 1 0 0 1 0 0 3
EndChar
