StartChar: uni023C
Encoding: 572 572 1997
Width: 417
UnlinkRmOvrlpSave: 1
Flags: HW
LayerCount: 2
Fore
Refer: 1961 58113 S 0.430603 0.586748 -0.740551 0.432537 12.4877 -47.3742 2
Refer: 2 99 N 1 0 0 1 0 0 2
EndChar
