StartChar: uni023E
Encoding: 574 574 1762
Width: 684
UnlinkRmOvrlpSave: 1
Flags: HW
LayerCount: 2
Fore
Refer: 1961 58113 S 0.686031 0.819214 -0.781373 0.563039 24.6028 -68.1662 2
Refer: 45 84 N 1 0 0 1 0 0 2
EndChar
