StartChar: uni1E9D
Encoding: 7837 7837 741
Width: 281
UnlinkRmOvrlpSave: 1
Flags: HW
HStem: -6 36<-0.268945 63.1019 180.901 250.299> 1 32<157.35 247.749> 356 25<11.7311 33.0493> 522.188 73.625<9.73105 307.731> 701 55<239.19 342.848>
VStem: 78.7311 72<42.1466 356 403 602.768>
LayerCount: 2
Fore
Refer: 441 821 N 1.10738 0 0 1 338.738 32 2
Refer: 445 383 N 1 0 0 1 0 0 3
EndChar
