StartChar: uni1E79
Encoding: 7801 7801 818
Width: 558
Flags: HW
HStem: 627.408 86<334.164 402.784> 674.746 85.4463<249.319 322.493>
VStem: 177.417 294.106
AnchorPoint: "Bottom" 256 -15 basechar 0
LayerCount: 2
Fore
Refer: 470 58080 N 0.635145 0.772393 -0.772393 0.635145 716.911 355.521 2
Refer: 100 771 N 1 0 0 1 569.833 -34 2
Refer: 20 117 N 1 0 0 1 0 0 2
EndChar
