StartChar: zero.alt
Encoding: 58420 58420 1719
Width: 573
UnlinkRmOvrlpSave: 1
Flags: W
HStem: -12 82<220.302 367.309> 431 77<209.556 352.22>
VStem: 51 85<162.78 347.8> 440 82<155.702 338.788>
LayerCount: 2
Fore
Refer: 1961 58113 S 0.289023 0.357888 -0.716015 0.606121 197.489 71.056 2
Refer: 63 48 N 1 0 0 1 0 0 2
EndChar
