StartChar: afii10040
Encoding: 1062 1062 29
Width: 795
UnlinkRmOvrlpSave: 1
Flags: W
HStem: -17 37<-66.9355 -7.83304> -10 38<585.854 644.93> -0.714844 39.1836<108.157 477.021> 0 37<592 662.217> 652 42<709.158 786.431> 659 37<75.8874 123.047 235.178 308.058 538.208 598.019>
VStem: 736 39<-240 -124.031>
LayerCount: 2
Fore
Refer: 1259 58088 N 1 0 0 1 573 0 2
Refer: 22 1055 N -1 0 0 -1 774 682 2
Position2: "cpsp-1" dx=0 dy=0 dh=50 dv=100
EndChar
