StartChar: clickalveolar.pcap
Encoding: 57472 57472 187
Width: 378
UnlinkRmOvrlpSave: 1
Flags: HW
LayerCount: 2
Fore
Refer: 340 58114 S 0.258 0 0.249522 1.17391 72.8154 272 2
Refer: 340 58114 S 0.258 0 0.249522 1.17391 47.096 151 2
Refer: 188 57470 N 1 0 0 1 90 0 2
EndChar
