StartChar: germandbls.pcap
Encoding: 57403 57403 281
Width: 828
Flags: W
HStem: -6 31<120.578 231.546 534.578 645.546> 384 25<203.9 304.028 617.9 718.028>
VStem: 23.1699 20.3623<-1.03132 6.99203> 35.252 25.0625<76.158 118> 342.812 25.2754<293.486 351.324> 437.17 20.3623<-1.03132 6.99203> 449.252 25.0625<76.158 118> 756.812 25.2754<293.486 351.324>
LayerCount: 2
Fore
Refer: 445 57365 N 1 0 0 1 414 0 2
Refer: 445 57365 N 1 0 0 1 0 0 2
Validated: 1
EndChar
