StartChar: hbar.pcap
Encoding: 57422 57422 295
Width: 579
UnlinkRmOvrlpSave: 1
Flags: HW
HStem: -2 23<9.16124 38.1627 147.801 173.682 465.349 484.565> 189 28<173.552 415.6> 384 25<94.3143 125.407 217.074 260.836 412.849 439.058>
LayerCount: 2
Fore
Refer: 487 58113 S 0.479 0 0.185987 0.875 79 300 2
Refer: 293 57354 N 1 0 0 1 0 0 3
EndChar
