StartChar: onetenth.afrcalt
Encoding: 58449 58449 392
Width: 463
UnlinkRmOvrlpSave: 1
Flags: HW
HStem: -0.19043 26.0342<-14.5332 27.7327 100.12 132.696 270.163 334.701> 247.84 27.3115<45.9717 73.8912 286.433 352.38> 328 28<52 446> 416 20.0625<192.467 232.753 320.679 359.712> 670.525 18.2988<252.772 288.106> 677.6 18.3701<377.848 411.194>
VStem: 189.934 223.923
LayerCount: 2
Fore
Refer: 294 58112 S 0.158766 0.18264 -0.75471 0.656059 229.617 43.6801 2
Refer: 391 58445 N 1 0 0 1 0 0 2
EndChar
