StartChar: similar
Encoding: 8764 8764 462
Width: 463
Flags: W
HStem: 175.846 58.0546<194.667 373.229> 202.459 57.5523<95.7106 274.584>
LayerCount: 2
Fore
Refer: 161 126 N 1.15856 0 0 0.907103 3.25301 3.44817 2
Validated: 1
EndChar
