StartChar: underscoredbl
Encoding: 8215 8215 524
Width: 463
Flags: HW
HStem: -348 44<-2.45031e-14 464> -238 44<-2.45031e-14 464>
LayerCount: 2
Fore
Refer: 523 95 N 1 0 0 1 0 -110 2
Refer: 523 95 N 1 0 0 1 0 0 2
EndChar
