StartChar: underscore
Encoding: 95 95 523
Width: 463
VWidth: 0
Flags: HW
HStem: -238 44<-2.45031e-14 464>
LayerCount: 2
Fore
Refer: 340 58114 N 0.464 0 0 0.956522 -2.45031e-14 -216 2
EndChar
