StartChar: uni00B9
Encoding: 185 185 531
Width: 261
VWidth: 1159
Flags: W
HStem: 431 21.1309<8.29688 58.5933 149.51 195.157> 748.251 18.9648<84.2773 124.894> 758.012 19.3838<223.173 260.252>
VStem: 5.58594 257.407
LayerCount: 2
Fore
Refer: 370 58399 N 1 0 0 1 0 514 2
Validated: 1
EndChar
