StartChar: uni023C
Encoding: 572 572 605
Width: 361
Flags: HW
HStem: -15 53<144.163 231.423> 359 63<206.808 298.778>
VStem: 37.8112 74.9532<71.9391 229.688>
LayerCount: 2
Fore
Refer: 487 58113 S 0.266033 0.510192 -0.832446 0.432622 72.6264 -55.0962 2
Refer: 177 99 N 1 0 0 1 0 0 2
EndChar
