StartChar: uni00B3
Encoding: 179 179 529
Width: 285
VWidth: 1159
Flags: W
HStem: 415.82 21.0801<8.13379 50.1424> 585.36 20.2598<66.75 103.747> 734.44 41.54<113.494 193.465>
VStem: 4.25391 255.558
LayerCount: 2
Fore
Refer: 490 58401 N 1 0 0 1 0 514 2
Validated: 1
EndChar
