StartChar: uni01B6
Encoding: 438 438 560
Width: 375
UnlinkRmOvrlpSave: 1
Flags: HW
HStem: -79 29<307.445 338.101> 187.95 34.55<66.5236 312.873> 399 20G<169.049 184.549>
VStem: 66.5236 246.35<187.95 222.5> 343.049 68<-39.3516 32.8313>
LayerCount: 2
Fore
Refer: 676 821 S 0.826677 0 0 0.90921 335.607 -274.383 2
Refer: 1223 122 N 1 0 0 1 0 0 2
EndChar
