StartChar: uni05A3
Encoding: 1443 1443 747
Width: 0
Flags: HW
HStem: -188 40<164 305>
LayerCount: 2
Fore
Refer: 487 58113 S 0 -0.1405 0.984375 0 289.25 -47.5 2
Refer: 340 58114 N 0.141 0 0 0.869565 164 -168 2
EndChar
