StartChar: uni0197
Encoding: 407 407 546
Width: 381
UnlinkRmOvrlpSave: 1
Flags: HW
HStem: -2 40<26.2539 127.115 233.24 314.584> 7.12908 30.8709<26.2539 124.04> 329 46<89.077 395.076> 652 31.4896<360.787 448.446> 656 43<170.421 247.543 361.048 448.446>
LayerCount: 2
Fore
Refer: 1338 58035 S 0.874283 0 0 1 441.413 0 2
Refer: 1280 73 N 1 0 0 1 20 0 2
EndChar
