StartChar: uni1F1C
Encoding: 7964 7964 791
Width: 861
Flags: HW
HStem: -10 36<258.202 314.382> 2.51809 37.9647<435 678.179> 337 36<481.173 675.499> 518.048 23.76<42.155 92.0434> 646.089 38.2543<552.833 736.931> 652.832 79.92<101.744 131.407> 659 31<402.571 452.032> 680 20G<820.042 830.914>
VStem: 38.6158 148.644 692.604 36.7646<251 328.377> 773.983 25.9209<536 581.468>
LayerCount: 2
Fore
Refer: 856 8189 S 1.03366 0.376222 -0.376222 1.03366 182.167 -75.4399 2
Refer: 831 8127 N 1.08 0 0 1.08 -137.273 -15.472 2
Refer: 1268 917 N 1 0 0 1 242 0 2
EndChar
