StartChar: uni1F1B
Encoding: 7963 7963 790
Width: 885
Flags: HW
HStem: -10 36<282.202 338.382> 2.51809 37.9647<459 702.179> 337 36<505.173 699.499> 646.089 38.2543<576.833 760.931> 659 31<426.571 476.032> 680 20G<844.042 854.914>
VStem: 716.604 36.7646<251 328.377> 797.983 25.9209<536 581.468>
LayerCount: 2
Fore
Refer: 851 8175 S 1.08329 -0.191013 0.191013 1.08329 -46.2958 64.955 2
Refer: 857 8190 S 1.01487 0.369382 -0.369382 1.01487 149.03 -58.8887 2
Refer: 1268 917 N 1 0 0 1 266 0 2
EndChar
