StartChar: uni203B
Encoding: 8251 8251 882
Width: 596
UnlinkRmOvrlpSave: 1
Flags: HW
HStem: -18 140<248.901 277.663> 183 140<48.9007 77.6632 449.901 478.663> 386 140<248.901 277.663>
VStem: -5 136 195 136 396 136
LayerCount: 2
Fore
Refer: 487 58113 N -0.353553 0.353553 -0.707107 -0.707107 472.777 72.2233 2
Refer: 487 58113 N 0.353553 0.353553 -0.707107 0.707107 119.223 72.2233 2
Refer: 405 46 N 1 0 0 1 197 0 2
Refer: 405 46 N 1 0 0 1 398 201 2
Refer: 405 46 N 1 0 0 1 -3 201 2
Refer: 405 46 N 1 0 0 1 197 404 2
EndChar
