StartChar: uni2249
Encoding: 8777 8777 952
Width: 463
UnlinkRmOvrlpSave: 1
Flags: HW
HStem: 91.8458 58.0546<194.667 373.229> 118.459 57.5523<95.7106 274.584> 243.846 58.0546<194.667 373.229> 270.459 57.5523<95.7106 274.584>
LayerCount: 2
Fore
Refer: 153 8776 N 1 0 0 1 0 0 2
Refer: 487 58113 N 0.2155 0.373257 -0.920152 0.53125 123.75 30.3715 2
EndChar
