StartChar: uni2085
Encoding: 8325 8325 918
Width: 254
Flags: W
HStem: -95.0605 24.0527<1.08654 62.8956> 129.584 57.001<104.231 235.826>
VStem: -2.20215 274.734
LayerCount: 2
Fore
Refer: 258 58363 N 1 0 0 1 0 -80 2
Validated: 1
EndChar
