StartChar: uni2080.alt
Encoding: 58425 58425 912
Width: 344
UnlinkRmOvrlpSave: 1
Flags: W
HStem: -80.1904 26.0342<119.512 200.308> 167.84 27.3115<141.099 222.713>
VStem: 26.2598 287.538
LayerCount: 2
Fore
Refer: 294 58112 S 0.220449 0.203772 -0.61526 0.656059 59.7755 -44.8858 2
Refer: 913 8320 N 1 0 0 1 0 0 2
EndChar
