StartChar: uni2075
Encoding: 8309 8309 906
Width: 254
Flags: W
HStem: 418.939 24.0527<1.08654 62.8956> 643.584 57.001<104.231 235.826>
VStem: -2.20215 274.734
LayerCount: 2
Fore
Refer: 918 8325 N 1 0 0 1 0 514 2
Validated: 1
EndChar
