StartChar: uni2042
Encoding: 8258 8258 884
Width: 770
VWidth: 1159
Flags: W
HStem: 58.785 74<357.665 407.478> 79.785 74<584.324 641.034> 270.785 21G<459.513 485.668>
LayerCount: 2
Fore
Refer: 162 42 N 0.5 -0.866025 0.866025 0.5 -359.626 44.5226 2
Refer: 162 42 N -1 0 0 -1 752.329 693.785 2
Refer: 162 42 N -0.994522 0.104528 -0.104528 -0.994522 623.599 998.568 2
Validated: 5
EndChar
