StartChar: uniFB33
Encoding: 64307 64307 1182
Width: 467
Flags: W
HStem: 231.3 102.325 441.52 129.2<80.8131 351.808>
VStem: 149.12 99.9625 314.76 19<-7.98494 2.06206> 337.96 43.1602<248.806 413.378>
LayerCount: 2
Fore
Refer: 98 1491 N 1 0 0 1 0 0 2
Refer: 138 1468 N 1 0 0 1 -67 0 2
Validated: 1
EndChar
