StartChar: uniFB4A
Encoding: 64330 64330 1200
Width: 561
Flags: W
HStem: 231.3 102.325 440.2 127.04<195.812 430.224>
VStem: 280.12 99.9625 436.072 19.1553<-8.68869 -0.921423>
LayerCount: 2
Fore
Refer: 121 1514 N 1 0 0 1 0 0 2
Refer: 138 1468 N 1 0 0 1 64 0 2
EndChar
