StartChar: uniFB48
Encoding: 64328 64328 1198
Width: 494
Flags: W
HStem: -11.7197 21G<383.713 405.703> 231.3 102.325 440.2 127.04<115.277 370.905>
VStem: 181.12 99.9625 383.713 14.2959<-8.10642 -0.72677>
LayerCount: 2
Fore
Refer: 119 1512 N 1 0 0 1 0 0 2
Refer: 138 1468 N 1 0 0 1 -35 0 2
EndChar
