StartChar: zerothirds.afrcalt
Encoding: 58450 58450 1241
Width: 463
UnlinkRmOvrlpSave: 1
Flags: HW
HStem: -13 20<90.8115 140.966> 120 19<145.082 180.505> 241 41<180.075 252.012> 328 28<52 446> 415.81 26.0342<247.512 328.308> 663.84 27.3115<269.099 350.713>
VStem: 87.0625 227.274 154.26 287.538
LayerCount: 2
Fore
Refer: 294 58112 S 0.177136 0.203772 -0.75471 0.656059 202.432 451.114 2
Refer: 1240 58446 N 1 0 0 1 0 0 2
EndChar
