StartChar: zero.proportionalliningalt
Encoding: 58421 58421 1233
Width: 499
UnlinkRmOvrlpSave: 1
Flags: HW
HStem: 1 33<178.957 268.181> 587 36<272.21 368.392>
LayerCount: 2
Fore
Refer: 487 58113 S 0.337948 0.349802 -0.628796 0.564202 102.533 142.099 2
Refer: 1232 58388 N 1 0 0 1 0 0 2
EndChar
