StartChar: zero.tabulartextalt
Encoding: 58422 58422 1239
Width: 463
UnlinkRmOvrlpSave: 1
Flags: HW
HStem: -5 33<159.776 271.07> 369 36<201.091 317.043>
LayerCount: 2
Fore
Refer: 487 58113 S 0.283232 0.273154 -0.596646 0.596323 95.3847 66.4231 2
Refer: 1238 58368 N 1 0 0 1 0 0 2
EndChar
