StartChar: zero.denomalt
Encoding: 58427 58427 1228
Width: 344
UnlinkRmOvrlpSave: 1
Flags: W
HStem: -85.9561 27.2881<124.539 205.358> 230.829 28.875<158.668 240.483>
LayerCount: 2
Fore
Refer: 294 58112 S 0.247324 0.235176 -0.681867 0.696353 57.838 -29.5878 2
Refer: 1227 58398 N 1 0 0 1 0 0 2
EndChar
