StartChar: Aringacute
Encoding: 506 506 2298
Width: 733
UnlinkRmOvrlpSave: 1
Flags: HW
HStem: 627.828 60.8701<342.976 426.242> 790.892 60.8691<343.93 427.196>
VStem: 270.925 62.0625<697.853 780.769> 437.185 62.0625<698.82 780.562>
LayerCount: 2
Fore
Refer: 16 58080 N 0.814193 -0.149078 0.143692 0.988146 591.652 138.264 2
Refer: 2297 197 N 1 0 0 1 0 0 3
Position2: "cpsp-1" dx=0 dy=0 dh=50 dv=100
EndChar
