StartChar: Dotaccent
Encoding: 58025 58025 164
Width: 156
VWidth: 1159
Flags: W
HStem: 735.319 139.362<24.3277 131.672>
VStem: 7.02894 141.942<752.36 857.705>
AnchorPoint: "Top" 76 699 mark 0
LayerCount: 2
Fore
Refer: 2360 57345 S 1.16346 0 0 1.14231 78 805 2
Validated: 1
EndChar
