StartChar: NameMe.65711
Encoding: 58624 58624 2350
Width: 485
Flags: HW
HStem: -4 31<169.416 334.724> 374 29<125.908 333.172> 404 20G<79.5 97>
LayerCount: 2
Fore
Refer: 1965 58113 N 0.00436003 0.166503 -0.968418 0.0253589 256.32 -147.251 2
Refer: 1965 58113 N 0.00436003 0.166503 -0.968418 0.0253589 274.32 477.749 2
Refer: 668 57372 N 1 0 0 1 -5 0 2
EndChar
