StartChar: Uni0308
Encoding: 58024 58024 163
Width: 298
VWidth: 1159
Flags: W
HStem: 741.771 126.458<5.20707 102.793 197.207 294.793>
VStem: -10.5191 129.038<757.234 852.825> 181.481 129.038<757.234 852.825>
AnchorPoint: "Top" 150 699 mark 0
LayerCount: 2
Fore
Refer: 2360 57345 N 1.05769 0 0 1.03654 246 805 2
Refer: 2360 57345 N 1.05769 0 0 1.03654 54 805 2
Validated: 1
EndChar
