StartChar: Wgrave
Encoding: 7808 7808 619
Width: 1100
VWidth: 0
Flags: W
HStem: -8.39746 20.1719G<328.657 421.935 689.3 783.592> 596 93.6758<291.944 317.894 426.843 474.937> 611.885 77.8037<1019.22 1058.85>
VStem: 334.923 85.5908<-8.39746 55.3772>
LayerCount: 2
Fore
Refer: 96 58019 N 1 0 0 1 515 0 2
Refer: 55 87 N 1 0 0 1 0 0 3
Validated: 1
Position2: "cpsp-1" dx=0 dy=0 dh=50 dv=100
EndChar
