StartChar: afii10078
Encoding: 1084 1084 87
Width: 588
Flags: HW
HStem: -7.18555 72.3125<55.7311 89.5963 171.442 196.996 490.864 520.09 619.701 659.083> 435.6 73.5488<65.2189 94.8942 604.914 645.595>
VStem: 90.2012 80.7852<68.5188 319.165> 100.786 72.2139<174.702 366> 306.867 69.4873<-6.59082 70.1937> 511.43 92.8369<162.319 346.9> 520.062 99.3926<66.3807 333.638>
LayerCount: 2
Fore
Refer: 502 57359 N 1 0 0 1 -30 0 2
EndChar
