StartChar: aringacute
Encoding: 507 507 173
Width: 512
Flags: HW
HStem: 534 53.6064<232.315 315.529> 687.864 51.6064<232.875 316.076>
VStem: 170.28 53.2266<596.785 678.198> 325.493 50.2266<597.75 678.026>
LayerCount: 2
Fore
Refer: 16 58080 N 0.745874 0.0958213 -0.313113 0.780289 688.65 252.825 2
Refer: 1089 778 N 1 0 0 1 450.5 -28 2
Refer: 0 97 N 1 0 0 1 0 0 3
EndChar
