StartChar: aringacute.smcp
Encoding: 57825 57825 175
Width: 604
Flags: HW
HStem: -8 68<38.3653 85.7676 173.998 196 417 423.311> 0 59<540.002 585.395> 148 64<221 382> 554 20G<286 359> 687 53.6064<258.315 341.529> 840.864 51.6064<258.875 342.076>
VStem: 196.28 53.2266<749.785 831.198> 351.493 50.2266<750.75 831.026>
LayerCount: 2
Fore
Refer: 16 58080 N 0.745874 0.0958213 -0.313113 0.780289 724.296 252.825 2
Refer: 1089 778 N 1 0 0 1 489.146 -52 2
Refer: 2 57671 N 1 0 0 1 0 0 3
EndChar
