StartChar: aringacute.smcp
Encoding: 57825 57825 2186
Width: 530
VWidth: 1159
Flags: HW
HStem: -4.3 29.9<23.3 61.425 342.407 372.926> 170.1 29.6<189.749 321.807> 687 53.6064<258.315 341.529> 840.864 51.6064<258.875 342.076>
VStem: 196.28 53.2266<749.785 831.198> 263.2 34.6<439.075 504.1> 351.493 50.2266<750.75 831.026>
LayerCount: 2
Fore
Refer: 2032 57671 N 1 0 0 1 0 0 3
Refer: 98 778 S 1 0 0 1 476.5 125 2
Refer: 470 58080 S 0.745874 0.0958213 -0.313113 0.780289 607.65 380.825 2
EndChar
