StartChar: clickalveolar.pcap
Encoding: 57472 57472 1747
Width: 378
VWidth: 1515
UnlinkRmOvrlpSave: 1
Flags: HW
LayerCount: 2
Fore
Refer: 1971 58114 N 0.258 0 0 1.34781 60 347 2
Refer: 1971 58114 N 0.258 0 0 1.34781 60 161 2
Refer: 1744 57470 N 1 0 0 1 90 0 2
EndChar
