StartChar: clickalveolar.pcap
Encoding: 57472 57472 232
Width: 378
UnlinkRmOvrlpSave: 1
Flags: HW
LayerCount: 2
Fore
Refer: 506 58114 N 0.258 0 0 1.34781 60 347 2
Refer: 506 58114 N 0.258 0 0 1.34781 60 161 2
Refer: 234 57470 N 1 0 0 1 90 0 2
EndChar
