StartChar: clickalveolar.smcp
Encoding: 57796 57796 2157
Width: 378
VWidth: 1515
Flags: W
HStem: 139.391 89.2172<60 318> 260.391 89.2172<60 318>
LayerCount: 2
Fore
Refer: 2155 57794 N 1 0 0 1 96 0 2
Refer: 1971 58114 N 0.258 0 0 1.17391 60 181 2
Refer: 1971 58114 N 0.258 0 0 1.17391 60 382 2
EndChar
