StartChar: colon
Encoding: 58 58 62
Width: 222
VWidth: 1159
Flags: W
HStem: -57.5575 234.318<84.9767 136.727> 297.108 234.318<84.9767 136.727>
VStem: -5.82455 233.639<34.0172 83.4269 388.682 438.092>
LayerCount: 2
Fore
Refer: 48 46 N 1 0 0 1 2.49545 354.665 2
Refer: 48 46 N 1 0 0 1 2.49545 0 2
Validated: 1
Position2: "cpsp-1" dx=0 dy=0 dh=7 dv=14
EndChar
