StartChar: eth.pcap
Encoding: 57389 57389 322
Width: 595
UnlinkRmOvrlpSave: 1
Flags: HW
HStem: -4.24121 68.8652<61.7406 110.646 225.934 386.85> 217.249 72.9694<56 336> 442 57.3955<60.5223 107.449 218.196 297.361> 442.031 67.6543<218.431 382.31>
VStem: 110.915 105.032<72.4435 441.008> 472.459 106.016<151.719 349.146>
LayerCount: 2
Fore
Refer: 753 58113 N 0.28 0 0 1.07308 56 253.734 2
Refer: 245 57350 N 1 0 0 1 0 0 3
EndChar
