StartChar: hbar.pcap
Encoding: 57422 57422 401
Width: 680
UnlinkRmOvrlpSave: 1
Flags: HW
HStem: -3.06445 79.5488<64.9707 106.29 582.209 621.956> 225.658 61.9795<211.483 479.328> 333.332 60.4597<58 629> 442.518 64.3398<585.708 614.319>
VStem: 107.356 104.127<76.6233 225.658 287.638 430.767> 479.328 102.883<77.5024 226.784 286.51 437.488>
LayerCount: 2
Fore
Refer: 753 58113 N 0.571 0 0 0.889113 58 363.562 2
Refer: 397 57354 N 1 0 0 1 0 0 3
EndChar
