StartChar: lcaron.smcp
Encoding: 57757 57757 2114
Width: 574
Flags: HW
HStem: -13.8627 21G<512.095 532.789> -4.47309 74.6567<62.0581 108.259> 3.00066 70.633<219.138 459.311> 350.401 214.751 501.252 71.2352<214.811 283.26>
VStem: 109.293 105.055<73.5735 494.152> 327 141.25 484.304 70.7327<90.2739 147.591>
LayerCount: 2
Fore
Refer: 2038 57682 N 1 0 0 1 0 0 3
Refer: 113 789 N 1 0 0 1 531 -92.0936 2
EndChar
