StartChar: lcommaaccent.smcp
Encoding: 57756 57756 2113
Width: 574
Flags: HW
HStem: -177.1 149 -13.8627 21G<512.095 532.789> -4.47309 74.6567<62.0581 108.259> 3.00066 70.633<219.138 459.311> 501.252 71.2352<214.811 283.26>
VStem: 109.293 105.055<73.5735 494.152> 208 102<-122.261 -42.3> 484.304 70.7327<90.2739 147.591>
LayerCount: 2
Fore
Refer: 275 806 N 1 0 0 1 484 0 2
Refer: 2038 57682 N 1 0 0 1 0 0 3
EndChar
