StartChar: lslash.pcap
Encoding: 57435 57435 1685
Width: 527
UnlinkRmOvrlpSave: 1
Flags: HW
HStem: -7 74<59 97.9832> 0 69<202.433 406.128> 437 71<203.384 260.493>
VStem: 98 104<68.769 431.064> 430 73<73.8172 135>
LayerCount: 2
Fore
Refer: 321 823 N 0.789357 -0.462482 0.0283301 0.927954 412.346 -59.4547 2
Refer: 654 57358 N 1 0 0 1 0 0 3
EndChar
