StartChar: lslash.pcap
Encoding: 57435 57435 1690
Width: 527
VWidth: 1159
UnlinkRmOvrlpSave: 1
Flags: W
HStem: -13.0361 21G<464.056 482.502> 1.53711 69.4395<59.0459 98.4961 202.284 406.42> 437.328 70.249<201.583 260.221>
VStem: 99.0049 103.02<70.8024 431.554> 430.114 72.8389<75.6003 135.085>
LayerCount: 2
Fore
Refer: 321 823 S 0.725395 -0.500159 -0.0428092 0.88605 377.762 -74.9767 2
Refer: 654 57358 N 1 0 0 1 0 0 3
EndChar
