StartChar: notequal
Encoding: 8800 8800 693
Width: 533
UnlinkRmOvrlpSave: 1
Flags: HW
HStem: 110.391 89.2172<34 428> 294.391 89.2172<34 428>
LayerCount: 2
Fore
Refer: 1965 58113 N 0.209471 0.449212 -0.962952 0.449032 164.765 52.3942 2
Refer: 329 61 N 1 0 0 1 0 0 2
EndChar
