StartChar: notequal
Encoding: 8800 8800 693
Width: 463
VWidth: 0
UnlinkRmOvrlpSave: 1
Flags: W
HStem: 98.6523 112.695<34 428> 282.652 112.695<34 428>
LayerCount: 2
Fore
Refer: 1970 58113 N 0.2155 0.373257 -0.920152 0.53125 123.75 30.3715 2
Refer: 329 61 N 1 0 0 1 0 0 2
EndChar
