StartChar: perthousand
Encoding: 8240 8240 633
Width: 1015
Flags: HW
HStem: -80.1904 58.0342<472.022 577.724 798.022 903.724> 136.84 58.3115<458.263 562.198 784.263 888.198> 198.81 58.0342<127.022 232.724> 415.84 58.3115<113.263 217.198>
VStem: 26.54 69.6611<288.767 399.675> 247.659 66.3408<273.293 385.976> 371.54 69.6611<9.7665 120.675> 592.659 66.3408<-5.70744 106.976> 697.54 69.6611<9.7665 120.675> 918.659 66.3408<-5.70744 106.976>
LayerCount: 2
Fore
Refer: 2002 8320 N 1 0 0 1 671 0 2
Refer: 630 37 N 1 0 0 1 0 0 2
EndChar
