StartChar: tbar.pcap
Encoding: 57453 57453 739
Width: 532
UnlinkRmOvrlpSave: 1
Flags: HW
HStem: -9.59082 21G<153.33 172.126 370.551 383.87> 212.071 66.3891<130 411> 429.107 69.0898<91.7307 214.997 322.063 440.807>
VStem: 214.211 107.22<73.291 428.564> 430.559 79.5635<382.671 427.276>
LayerCount: 2
Fore
Refer: 753 58113 N 0.281 0 0 0.97631 130 245.266 2
Refer: 735 57366 N 1 0 0 1 0 0 3
EndChar
