StartChar: uni023A
Encoding: 570 570 1042
Width: 733
UnlinkRmOvrlpSave: 1
Flags: HW
LayerCount: 2
Fore
Refer: 753 58113 N 0.511902 0.819214 -0.901051 0.563039 111.678 -68.1662 2
Refer: 2286 65 N 1 0 0 1 0 0 2
EndChar
