StartChar: uni0231
Encoding: 561 561 1034
Width: 570
Flags: HW
HStem: -11 74<235.683 375.593> 440 77<194.436 334.919> 559.7 103.3<229.365 339.635> 687.752 80.9567<160.5 419.5>
VStem: 30 100<179.83 346.467> 216.9 135.2<569.259 653.48> 436 104<152.433 329.656>
LayerCount: 2
Fore
Refer: 541 111 N 1 0 0 1 0 0 2
Refer: 1087 775 N 1 0 0 0.850135 460.5 54.1423 2
Refer: 1084 772 N 1 0 0 0.893751 458.5 173.219 2
EndChar
