StartChar: uni030F
Encoding: 783 783 104
Width: 0
VWidth: 1159
Flags: HW
LayerCount: 2
Fore
Refer: 94 768 N 0.788276 -0.141082 0.440351 0.809203 -396.755 89.0848 2
Refer: 94 768 N 0.741717 -0.301891 0.598971 0.699965 -331.386 132.496 2
EndChar
