StartChar: uni023B
Encoding: 571 571 1043
Width: 732
UnlinkRmOvrlpSave: 1
Flags: HW
HStem: -15.709 93.3604<345.58 529.516> 600.343 87.9229<325.769 490.078>
VStem: 43 174.898<223.333 447.604>
LayerCount: 2
Fore
Refer: 753 58113 N 0.512153 0.819214 -0.901492 0.563039 223.112 -68.1662 2
Refer: 2306 67 N 1 0 0 1 0 0 2
EndChar
