StartChar: uni0209.alt
Encoding: 58126 58126 1436
Width: 263
VWidth: 1159
Flags: HW
LayerCount: 2
Fore
Refer: 50 305 N 1 0 0 1 0 0 3
Refer: 104 783 S 0.984808 -0.173648 0.173648 0.984808 315.703 22.1297 2
EndChar
