StartChar: uni051C
Encoding: 1308 1308 1214
Width: 1038
Flags: HW
HStem: -8.39746 20.1719G<299.44 392.718 660.083 754.375> 596 93.6758<262.727 288.677 397.626 445.72> 611.885 77.8037<990.003 1029.63>
VStem: 305.706 85.5908<-8.39746 55.3772>
LayerCount: 2
Fore
Refer: 2472 87 N 1 0 0 1 0 0 2
EndChar
