StartChar: uni01DC.smcp
Encoding: 57809 57809 898
Width: 673
Flags: HW
HStem: -12 84<277.033 457.515> 497 65<54.8889 97.3068 204.007 240.131 607.22 650.378> 549 20G<483.71 495.5 644.5 652.37> 717.08 105.84<225.494 319.506 401.494 495.506>
VStem: 102 102<145.953 494.813> 218.32 108.36<724.114 815.915> 394.32 108.36<724.114 815.915> 524 83<144.403 496.413>
LayerCount: 2
Fore
Refer: 389 58082 N 0.995309 -0.0967419 0.0967419 0.995309 497.521 133.184 2
Refer: 1088 776 N 1 0 0 1 531.5 -1 2
Refer: 788 57691 N 1 0 0 1 0 0 3
EndChar
