StartChar: uni022C
Encoding: 556 556 1025
Width: 818
Flags: HW
HStem: -16 72<348.805 529.123> 616 73<286.787 477.181> 694.86 75.3051<424.784 500.6> 736.311 74.8203<331.043 411.889> 825.773 67.3155<267.386 578.386>
VStem: 48.1328 119<261.919 449.449> 251.601 324.946 655.133 115<214.618 413.376>
LayerCount: 2
Fore
Refer: 2398 79 N 1 0 0 1 0 0 3
Refer: 2444 58022 N 1 0 0 0.875641 248.133 28.2696 2
Refer: 2383 58021 N 1 0 0 0.845582 274.386 198.351 2
Position2: "cpsp-1" dx=0 dy=0 dh=50 dv=100
EndChar
