StartChar: uni022D.pcap
Encoding: 57524 57524 1838
Width: 591
VWidth: 1159
Flags: HW
HStem: -15.6211 76.5928<236.145 382.52> 421.33 78.4844<207.528 354.482> 744.593 102.261<182.896 441.896>
VStem: 27.3418 114.772<154.821 341.939> 453.23 105.261<145.562 321.729>
LayerCount: 2
Fore
Refer: 100 771 N 0.996195 -0.0871557 0.0871557 0.996195 447.076 21.6804 2
Refer: 101 772 N 1 0 0 1 483.896 168.224 2
Refer: 657 57361 N 1 0 0 1 0 0 3
EndChar
