StartChar: uni01E0
Encoding: 480 480 904
Width: 733
Flags: HW
HStem: 675 106.076<320.792 450.88> 797.096 63.8595<232.586 543.586>
VStem: 306.086 159.5<684.815 771.3>
LayerCount: 2
Fore
Refer: 2322 58025 N 1.31818 0 0 0.892892 283.018 17.296 2
Refer: 2383 58021 N 1 0 0 0.802169 239.586 201.887 2
Refer: 2286 65 N 1 0 0 1 0 0 3
Position2: "cpsp-1" dx=0 dy=0 dh=50 dv=100
EndChar
