StartChar: uni051C
Encoding: 1308 1308 1778
Width: 1100
VWidth: 1159
Flags: W
HStem: -8.39746 20.1719G<328.657 421.935 689.3 783.592> 596 93.6758<291.944 317.894 426.843 474.937> 611.885 77.8037<1019.22 1058.85>
VStem: 334.923 85.5908<-8.39746 55.3772>
LayerCount: 2
Fore
Refer: 55 87 S 1 0 0 1 0 0 2
Validated: 1
EndChar
