StartChar: uni01B5
Encoding: 437 437 854
Width: 696
UnlinkRmOvrlpSave: 1
Flags: HW
HStem: 3.19336 69.0098<239.869 475.4> 304 96<153.134 562.221> 511.111 21G<13.9276 90.3401> 587.898 91.6543<128.641 402.447>
LayerCount: 2
Fore
Refer: 2462 58035 N 1.16882 0 0 1 624.168 0 2
Refer: 2484 90 N 1 0 0 1 0 0 2
EndChar
