StartChar: uni022D.smcp
Encoding: 57848 57848 1028
Width: 659
Flags: HW
HStem: -13 75<274.971 431.469> 497 77<238.2 401.869> 838.246 80.9567<225.896 484.896>
VStem: 34 117<188.562 387.446> 525 109<172.815 368.674>
LayerCount: 2
Fore
Refer: 1084 772 N 1 0 0 0.9 497.5 199.53 2
Refer: 771 771 N 0.996195 -0.0741968 0.0871557 0.848073 441.076 72.1806 2
Refer: 543 57685 N 1 0 0 1 0 0 3
EndChar
