StartChar: uni022D
Encoding: 557 557 1026
Width: 570
Flags: HW
HStem: -11 74<235.683 375.593> 440 77<194.436 334.919> 545.071 79.4233<298.331 366.951> 588.789 78.912<213.486 286.66> 687.246 80.9567<151.896 410.896>
VStem: 30 100<179.83 346.467> 141.584 294.106 436 104<152.433 329.656>
LayerCount: 2
Fore
Refer: 541 111 N 1 0 0 1 0 0 3
Refer: 771 771 N 1 0 0 0.923527 459 -10.7987 2
Refer: 1084 772 N 1 0 0 0.870651 452.896 188.473 2
EndChar
