StartChar: uni022C
Encoding: 556 556 788
Width: 819
VWidth: 1159
Flags: HW
HStem: -16 72<346.672 526.99> 616 73<284.654 475.048> 694.86 75.3051<422.651 498.467> 736.311 74.8203<328.91 409.756> 825.773 67.3155<265.253 576.253>
VStem: 46 119<261.919 449.449> 249.468 324.946 653 115<214.618 413.376>
LayerCount: 2
Fore
Refer: 40 79 N 1 0 0 1 0 0 3
Refer: 161 58022 S 1 0 0 0.875641 246 28.2696 2
Refer: 160 58021 N 1 0 0 0.845582 272.253 198.351 2
Position2: "cpsp-1" dx=0 dy=0 dh=50 dv=100
EndChar
