StartChar: uni0245
Encoding: 581 581 1767
Width: 827
VWidth: 1159
Flags: W
HStem: 1.62305 86.7188<738.375 798.419> 5.88184 96.127<242.98 301.944> 6.36523 93.3857<61.8326 113.062 514.459 543.529> 679.713 21G<384.36 469.63>
LayerCount: 2
Fore
Refer: 54 86 N -1 0 0 -1 841 691 2
Validated: 1
EndChar
