StartChar: uni0246
Encoding: 582 582 1051
Width: 683
UnlinkRmOvrlpSave: 1
Flags: HW
HStem: 3.30371 82.6982<297.073 489.508> 300.281 81.3682<297.16 443.77> 513.313 21G<498.917 566.445> 601.251 77.8885<73.2061 131.236 302.525 469.205> 667.216 20G<545.584 568.578>
VStem: 131.048 164.129<88.6364 299.377 382.559 590.083> 454.85 75.8057<261.341 300.053 382.35 419.571> 502.199 64.2461<527.141 576.414>
LayerCount: 2
Fore
Refer: 753 58113 N 0.512153 0.819214 -0.901492 0.563039 45.3785 -68.1662 2
Refer: 2324 69 N 1 0 0 1 0 0 2
EndChar
