StartChar: uni0230
Encoding: 560 560 790
Width: 819
VWidth: 0
Flags: W
HStem: -16.2793 88.0098<373.76 519.227> 598.422 90.6641<290.079 442.078> 703.652 121.296<354.328 461.672> 826.816 89.508<254 565>
VStem: 45.8672 185.133<268.197 450.24> 337.029 141.942<718.484 810.172> 595 172.917<213.637 413.835>
LayerCount: 2
Fore
Refer: 40 79 N 1 0 0 1 0 0 3
Refer: 164 58025 N 1 0 0 0.870368 330 63.6536 2
Refer: 160 58021 S 1 0 0 0.890112 261 157.875 2
Validated: 1
Position2: "cpsp-1" dx=0 dy=0 dh=50 dv=100
EndChar
