StartChar: uni0230
Encoding: 560 560 1033
Width: 818
Flags: HW
HStem: -16 72<348.805 529.123> 616 73<286.787 477.181> 695.676 91.4<360.789 459.477> 797.096 63.8595<256.133 567.133>
VStem: 48.1328 119<261.919 449.449> 349.633 121<704.133 778.652> 655.133 115<214.618 413.376>
LayerCount: 2
Fore
Refer: 2398 79 N 1 0 0 1 0 0 3
Refer: 2322 58025 N 1 0 0 0.769359 332.133 126.966 2
Refer: 2383 58021 N 1 0 0 0.802169 263.133 201.887 2
Position2: "cpsp-1" dx=0 dy=0 dh=50 dv=100
EndChar
