StartChar: uni023B
Encoding: 571 571 1770
Width: 732
VWidth: 1159
UnlinkRmOvrlpSave: 1
Flags: W
HStem: -15.709 93.3604<345.891 529.827> 600.343 87.9229<326.08 490.389>
VStem: 43.3105 174.898<223.333 447.604>
LayerCount: 2
Fore
Refer: 1970 58113 N 0.512153 0.819214 -0.901492 0.563039 223.423 -68.1662 2
Refer: 28 67 N 1 0 0 1 0 0 2
EndChar
