StartChar: uni022D.smcp
Encoding: 57848 57848 2209
Width: 651
VWidth: 1159
Flags: HW
HStem: -5.6 40.9<271.034 427.015> 461.7 39.2<230.39 375.856> 827.593 102.261<225.896 484.896>
VStem: 52.1 82.5<180.762 335.941> 509.9 89.1<144.602 324.626>
LayerCount: 2
Fore
Refer: 101 772 S 1 0 0 1 526.896 251.224 2
Refer: 100 771 S 0.996195 -0.0871557 0.0871557 0.996195 490.076 104.68 2
Refer: 2046 57685 N 1 0 0 1 0 0 3
EndChar
