StartChar: uni01B5
Encoding: 437 437 1761
Width: 724
UnlinkRmOvrlpSave: 1
Flags: HW
HStem: 3.19336 69.0098<262.75 498.281> 304 96<176.015 585.102> 511.111 21G<36.8085 113.221> 587.898 91.6543<151.522 425.328>
LayerCount: 2
Fore
Refer: 452 58035 N 1.16882 0 0 1 647.049 0 2
Refer: 58 90 N 1 0 0 1 0 0 2
EndChar
