StartChar: uni030B
Encoding: 779 779 102
Width: 0
VWidth: 1159
Flags: HW
LayerCount: 2
Fore
Refer: 92 769 N 0.707808 0.466648 -0.719614 0.52739 356.256 395.231 2
Refer: 92 769 N 0.827487 0.156826 -0.4524 0.7596 320.78 169.62 2
EndChar
