StartChar: uni032A
Encoding: 810 810 695
Width: 0
UnlinkRmOvrlpSave: 1
Flags: HW
LayerCount: 2
Fore
Refer: 1965 58113 N 0 0.115 -0.878676 0 -108.875 -176 2
Refer: 1965 58113 N 0 0.115 -0.878676 0 -280.125 -176 2
Refer: 1967 58115 N 0.231 0 0 0.780631 -310 -85.0908 2
EndChar
