StartChar: uni01F2
Encoding: 498 498 511
Width: 1245
VWidth: 0
HStem: -9.39746 86.4717<60.8379 134.972> -2.65625 89.9629<259.351 481.561> 596.832 91.3076<303.717 467.954>
VStem: 138.199 159.58<94.1296 564.32> 616.775 150.79<219.896 460.752>
LayerCount: 2
Fore
Refer: 25 122 N 1 0 0 1 792 0 2
Refer: 29 68 N 1 0 0 1 0 0 2
Validated: 5
Substitution2: "case-1" uni01F1
Position2: "cpsp-1" dx=0 dy=0 dh=50 dv=100
EndChar
