StartChar: uni01C8
Encoding: 456 456 517
Width: 826
VWidth: 0
HStem: -15.332 21G<597.499 626.802> -3.39746 95.0742<67.4131 123.331> 5.60254 90.1123<298.887 507.83> 601.225 155.55<709.029 828.971> 667.882 19.8271G<55.1699 82.852 358.327 381.293>
VStem: 127.584 161.674<95.0364 589.493> 689.7 158.6<620.246 737.827>
LayerCount: 2
Fore
Refer: 9 106 N 1 0 0 1 614 0 2
Refer: 37 76 N 1 0 0 1 0 0 2
Validated: 1
Substitution2: "case-1" uni01C7
EndChar
