StartChar: uni0197
Encoding: 407 407 1764
Width: 381
VWidth: 1159
UnlinkRmOvrlpSave: 1
Flags: W
HStem: -3.31152 21G<89.4044 115.801 380.571 407.271> 6.7168 668.642<173.972 327.858> 304 96<43.077 349.076> 672.709 20G<94.9861 122.654 381.314 410.502>
VStem: 173.011 155.869<90.577 590.006>
LayerCount: 2
Fore
Refer: 452 58035 N 0.874283 0 0 1 395.413 0 2
Refer: 34 73 N 1 0 0 1 20 0 2
EndChar
