StartChar: uni0201.pcap
Encoding: 57504 57504 1816
Width: 549
VWidth: 0
Flags: HW
HStem: -5.05566 64.1494<482.002 521> 124 66<203 336> 489.31 20G<250.267 325.404>
LayerCount: 2
Fore
Refer: 104 783 N 1 0 0 1 463.766 9.72168 2
Refer: 643 57347 N 1 0 0 1 0 0 3
EndChar
