StartChar: uni022D
Encoding: 557 557 789
Width: 550
VWidth: 1159
Flags: HW
HStem: -11 74<225.683 365.593> 440 77<184.436 324.919> 545.071 79.4233<288.331 356.951> 588.789 78.912<203.486 276.66> 687.246 80.9567<141.896 400.896>
VStem: 20 100<179.83 346.467> 131.584 294.106 426 104<152.433 329.656>
LayerCount: 2
Fore
Refer: 14 111 N 1 0 0 1 0 0 3
Refer: 100 771 S 1 0 0 0.923527 449 -10.7987 2
Refer: 101 772 N 1 0 0 0.870651 442.896 188.473 2
EndChar
