StartChar: uni033B
Encoding: 827 827 870
Width: 0
UnlinkRmOvrlpSave: 1
Flags: HW
HStem: -177 46<-267 -121> -88 46<-267 -121>
AnchorPoint: "Bottom" -193 -12 mark 0
LayerCount: 2
Fore
Refer: 1965 58113 N -0.146 0 -0 -0.736765 -121 -152.05 2
Refer: 1965 58113 N -0.146 0 -0 -0.738618 -121 -62.1128 2
Refer: 1965 58113 N 0 0.1401 -0.85697 0 -246.863 -177.1 2
Refer: 1965 58113 N 0 0.1401 -0.85697 0 -141.137 -177.1 2
EndChar
