StartChar: uni03FE
Encoding: 1022 1022 1051
Width: 732
Flags: W
HStem: -15.709 93.3604<345.891 529.827> 300.087 120.827<366.812 458.188> 600.343 87.9229<326.08 490.389>
VStem: 43.3105 174.898<223.333 447.604> 352.087 120.827<314.861 406.195>
LayerCount: 2
Fore
Refer: 2360 57345 N 0.990385 0 0 0.990385 412.5 360.5 2
Refer: 1049 1017 N 1 0 0 1 0 0 2
Validated: 1
Position2: "cpsp-1" dx=0 dy=0 dh=50 dv=100
EndChar
