StartChar: uni03FF
Encoding: 1023 1023 1052
Width: 732
Flags: W
HStem: 1.73438 87.9229<252.611 416.92> 300.087 120.827<294.812 386.188> 612.349 93.3604<213.173 397.109>
VStem: 280.087 120.827<314.861 406.195> 524.791 174.898<242.396 466.667>
LayerCount: 2
Fore
Refer: 2360 57345 N 0.990385 0 0 0.990385 340.5 360.5 2
Refer: 1050 1021 N 1 0 0 1 0 0 2
Validated: 1
Position2: "cpsp-1" dx=0 dy=0 dh=50 dv=100
EndChar
