StartChar: uni01B6
Encoding: 438 438 1757
Width: 592
UnlinkRmOvrlpSave: 1
Flags: HW
HStem: 216.061 73.4187<124 478>
LayerCount: 2
Fore
Refer: 441 821 N 1.18792 0 0 0.90921 511.262 -226.383 2
Refer: 25 122 N 1 0 0 1 0 0 2
EndChar
