StartChar: uni022A
Encoding: 554 554 1021
Width: 818
Flags: HW
HStem: -16 72<348.805 529.123> 616 73<286.787 477.181> 694.1 90.8999<273.275 362.991 465.275 554.991> 798.598 63.4601<258.133 569.133>
VStem: 48.1328 119<261.919 449.449> 263.133 110<702.511 776.622> 455.133 110<702.511 776.622> 655.133 115<214.618 413.376>
LayerCount: 2
Fore
Refer: 2398 79 N 1 0 0 1 0 0 3
Refer: 2454 58024 N 1 0 0 0.843226 264.133 60.7531 2
Refer: 2383 58021 N 1 0 0 0.797152 265.133 207.111 2
Position2: "cpsp-1" dx=0 dy=0 dh=50 dv=100
EndChar
