StartChar: uni1E4D.smcp
Encoding: 57903 57903 2264
Width: 659
Flags: HW
HStem: -13 75<274.971 431.469> 497 77<238.2 401.869> 707.408 86<378.331 446.951> 754.746 85.4463<293.486 366.66>
VStem: 34 117<188.562 387.446> 221.584 294.106 525 109<172.815 368.674>
LayerCount: 2
Fore
Refer: 470 58080 N 0.635145 0.772393 -0.772393 0.635145 711.078 373.521 2
Refer: 100 771 N 1 0 0 1 564 9 2
Refer: 2046 57685 N 1 0 0 1 0 0 3
EndChar
