StartChar: uni1EB1
Encoding: 7857 7857 846
Width: 456
VWidth: 1159
Flags: W
HStem: 620 76.7188<150.897 298.386>
VStem: 72.3477 305.357
AnchorPoint: "Bottom" 193 -15 basechar 0
LayerCount: 2
Fore
Refer: 472 58082 S 0.802353 0.170979 0.0638383 1.0233 401.121 96.2797 2
Refer: 105 774 N 1 0 0 1 417.5 -30 2
Refer: 0 97 N 1 0 0 1 0 0 2
EndChar
