StartChar: uni1E42
Encoding: 7746 7746 570
Width: 998
VWidth: 0
Flags: HW
HStem: -191.681 139.362<410.328 517.672> -8.31152 94.9404<256.592 313.919 661.319 705.988> 590.409 95.6445<849.328 920.579> 591.423 101.717<105.907 156.916>
VStem: 155.593 99.9893<97.2466 380.52> 393.029 141.942<-174.64 -69.2951> 452.779 77.5779<-2.69771 76.9153>
LayerCount: 2
Fore
Refer: 283 58031 N 1 0 0 1 658 0 2
Refer: 38 77 N 1 0 0 1 0 0 3
Position2: "cpsp-1" dx=0 dy=0 dh=50 dv=100
EndChar
