StartChar: uni1F9F
Encoding: 8095 8095 1604
Width: 988
VWidth: 0
Flags: H
HStem: -295 44.4951<546.881 617.245> -2.4834 21.1719G<460.698 487.335 705.146 723.503 935.095 959.585> 5.40723 93.6045<201.494 258.91> 308.279 77.7227<431.683 744.572> 512.416 275.955<53.8616 73.1907> 600.613 82.8047<446.13 493.086> 607.959 84.9229<918.484 953.712> 665.882 20G<689.138 708.03> 897.176 94.6<118.831 187.451> 949.248 93.9909<33.9862 107.16>
VStem: -49.9086 197.887<657.338 700.5> -37.916 294.106 196.666 0.00976562<597.959 611.297> 257.543 174.142<90.3725 305> 267.61 164.072<135.93 305.642 388 594.628> 505.95 65.9873<-249.952 -89.5438> 519.954 71.1582<-220.355 -87.5068> 744.572 156.172<99.6482 308.279 386.002 550.897>
LayerCount: 2
Fore
Refer: 961 890 N 1 0 0 1 500.422 0 2
Refer: 1485 7983 N 1 0 0 1 0 0 3
EndChar
