StartChar: uni1ED1.pcap
Encoding: 57645 57645 1631
Width: 591
Flags: HW
HStem: -12 77<238 380.814> 433 79<207.486 352.49> 533.319 131.361
VStem: 27 115<161.882 350.475> 164.22 268.561 453 105<152.614 330.102>
LayerCount: 2
Fore
Refer: 16 58080 N 0.813003 0.104456 -0.341293 0.850609 713.242 198.907 2
Refer: 227 58081 N 1 0 0 1 496 111 2
Refer: 542 57361 N 1 0 0 1 0 0 3
EndChar
