StartChar: uni1FCB
Encoding: 8139 8139 1905
Width: 954
Flags: HW
HStem: -7 76<192 253.81 736.132 780.07> 311 68<369 785> 617 69<727.594 779.451> 623 70<901.152 944.5>
VStem: 259 110<69.0823 311 379 605.175> 780 120<385.053 613.034> 785 106<72.4788 312 379 499.728>
LayerCount: 2
Fore
Refer: 1945 8189 N 1.08329 0.191013 -0.191013 1.08329 -37.7241 -26.841 2
Refer: 2338 919 N 1 0 0 1 123 0 2
EndChar
