StartChar: uni1F4D
Encoding: 8013 8013 1550
Width: 591
Flags: W
HStem: -16.2793 88.0098<474.76 620.227> -15.6211 76.5928<236.145 382.52> 421.33 78.4844<207.528 354.482> 598.422 90.6641<391.079 543.078> 644.08 105.84<173.494 267.506 349.494 443.506> 754.099 102.261<182.5 441.5>
VStem: 27.3418 114.772<154.821 341.939> 146.867 185.133<268.197 450.24> 166.32 108.36<651.114 742.915> 342.32 108.36<651.114 742.915> 453.23 105.261<145.562 321.729> 696 172.917<213.637 413.835>
LayerCount: 2
Fore
Refer: 990 927 N 1 0 0 1 101 0 2
Refer: 92 769 N 1.08329 0.191013 -0.191013 1.08329 467.711 107.371 2
Refer: 657 57361 N 1 0 0 1 0 0 3
Refer: 101 772 N 1 0 0 1 483.5 177.73 2
Refer: 97 776 N 1 0 0 1 483.5 51 2
Validated: 5
EndChar
