StartChar: uni1F6D
Encoding: 8045 8045 1581
Width: 875
Flags: HW
HStem: -10 21G<231.117 235.904 788.863 793.642> 0.754883 75.3525<277.163 383.381 636.783 749.981> 499.848 60.48<59.1203 114.767> 657 49<395.08 583.066>
VStem: -28.8735 81<569.631 637.366> 187 93<334.929 517.115> 221 40<91.9703 196.875> 745 101<323.745 498.491> 766 43<92.199 191.651>
AnchorPoint: "Top" 508 699 basechar 0
AnchorPoint: "Bottom" 504 -7 basechar 0
LayerCount: 2
Back
Refer: 999 937 N 1 0 0 1 132 0 2
Refer: 92 769 N 1.08329 0.191013 -0.191013 1.08329 467.711 107.371 2
Refer: 694 788 N 1.1 0 0 1.1 317.378 29.9 2
Fore
Refer: 1618 8189 N 1.08329 0.191013 -0.191013 1.08329 98.2759 -26.841 2
Refer: 1616 8190 N 1.08 0 0 1.08 -96.9135 -17.472 2
Refer: 999 937 N 1 0 0 1 144 0 2
EndChar
