StartChar: uni1E31.pcap
Encoding: 57565 57565 1879
Width: 579
VWidth: 0
Flags: W
HStem: -5.80859 60.583<354.209 364.484 484.483 543.84> 439.036 67.7607<208.635 230.531 348.833 351.812 437.552 489.394> 569.951 193.429
VStem: 101.116 107.251<290.88 434.455> 102.381 96.2803<64.9837 210.705 288.518 433.374> 233.389 230.611 345.323 6.67676<436.048 438.75>
LayerCount: 2
Fore
Refer: 92 769 N 1 0 0 1 466 0 2
Refer: 653 57357 N 1 0 0 1 0 0 3
Validated: 1
EndChar
