StartChar: uni1EA5
Encoding: 7845 7845 839
Width: 442
VWidth: 0
Flags: W
HStem: 443.319 131.361
VStem: 67.2197 268.561
AnchorPoint: "Bottom" 193 -15 basechar 0
LayerCount: 2
Fore
Refer: 470 58080 S 0.745874 0.0958213 -0.313113 0.780289 609.65 243.825 2
Refer: 0 97 N 1 0 0 1 0 0 2
Refer: 471 58081 N 1 0 0 1 399 15 2
Validated: 5
EndChar
