StartChar: uni1E51
Encoding: 7761 7761 809
Width: 550
VWidth: 0
Flags: HW
HStem: -11 92<261.824 358.744> 422 98<185.532 283.601> 625.369 102.261<158.5 417.5>
VStem: 20 144<205.971 346.529> 381 149<152.322 307.098>
LayerCount: 2
Fore
Refer: 14 111 N 1 0 0 1 0 0 2
Refer: 94 768 S 0.86012 0.45148 -0.351495 0.861865 627.508 299.031 2
Refer: 101 772 N 1 0 0 1 459.5 49 2
EndChar
