StartChar: uni1F18
Encoding: 7960 7960 1472
Width: 784
Flags: W
HStem: 3.30371 82.6982<474.118 666.553> 300.281 81.3682<474.205 620.815> 513.313 21G<675.962 743.49> 518.048 23.76<-2.80904 43.8394> 601.251 77.8885<250.251 308.281 479.57 646.25> 652.832 79.92<23.112 68.0649> 667.216 20G<722.629 745.623>
VStem: 76.031 48.6<558.997 638.051> 308.093 164.129<88.6364 299.377 382.559 590.083> 631.895 75.8057<261.341 300.053 382.35 419.571> 679.244 64.2461<527.141 576.414>
LayerCount: 2
Fore
Refer: 1608 8127 N 1.08 0 0 1.08 -119.273 -15.472 2
Refer: 980 917 N 1 0 0 1 165 0 2
Validated: 1
EndChar
