StartChar: uni1F0A
Encoding: 7946 7946 1466
Width: 727
VWidth: 1159
Flags: HW
HStem: 518.048 23.76<9.19096 55.8394> 652.832 79.92<35.112 80.0649>
VStem: 88.031 48.6<558.997 638.051>
AnchorPoint: "Bottom" 375 -15 basechar 0
AnchorPoint: "Top" 389 699 basechar 0
LayerCount: 2
Fore
Refer: 1608 8127 S 1.08 0 0 1.08 -107.273 -15.472 2
Refer: 94 768 S 1.08329 -0.191013 0.191013 1.08329 357.661 28.3664 2
Refer: 976 913 N 1 0 0 1 22 0 2
EndChar
