StartChar: uni1EB4
Encoding: 7860 7860 843
Width: 733
UnlinkRmOvrlpSave: 1
Flags: HW
HStem: 658.447 78.834<284.023 454.147>
VStem: 210.765 317.471
AnchorPoint: "Bottom" 363 -15 basechar 0
LayerCount: 2
Fore
Refer: 161 58022 N 0.994522 -0.0850681 0.104528 0.809373 101.077 216.696 2
Refer: 26 65 N 1 0 0 1 0 0 2
Refer: 162 58023 N 1 0 0 1 222 -87 2
Position2: "cpsp-1" dx=0 dy=0 dh=50 dv=100
EndChar
