StartChar: uni1E7A
Encoding: 7802 7802 1463
Width: 816
Flags: HW
HStem: -13 88<308.383 549.862> 610 66<715.364 775.63> 616 69<49.7624 109.575 222.357 278.042> 710 79.6085<266.346 577.346> 803.039 107.8<281.488 371.204 473.488 563.204>
VStem: 109.346 113<150.891 608.316> 271.346 110<813.014 900.904> 463.346 110<813.014 900.904> 635.346 80<158.27 609.484>
LayerCount: 2
Fore
Refer: 2454 58024 N 1 0 0 0.910728 272.346 129.448 2
Refer: 2383 58021 N 1 0 0 0.766251 272.346 134.442 2
Refer: 2445 85 N 1 0 0 1 0 0 2
Position2: "cpsp-1" dx=0 dy=0 dh=50 dv=100
EndChar
