StartChar: uni1E41.pcap
Encoding: 57573 57573 1939
Width: 748
VWidth: 0
Flags: HW
HStem: -7.18555 72.3125<85.7311 119.596 201.442 226.996 520.864 550.09 649.701 689.083> 435.6 73.5488<95.2189 124.894 634.914 675.595> 571.225 155.55<341.029 460.971>
VStem: 120.201 80.7852<68.5188 319.165> 130.786 72.2139<174.702 366> 321.7 158.6<590.246 707.827> 336.867 69.4873<-6.59082 70.1937> 541.43 92.8369<162.319 346.9> 550.062 99.3926<66.3807 333.638>
LayerCount: 2
Fore
Refer: 49 775 N 1 0 0 1 577 0 2
Refer: 655 57359 N 1 0 0 1 0 0 3
EndChar
