StartChar: uni1EAE
Encoding: 7854 7854 1561
Width: 733
UnlinkRmOvrlpSave: 1
Flags: HW
HStem: 658.447 78.834<287.609 457.733> 729.552 154.372
VStem: 214.351 317.471 315.749 205.617
AnchorPoint: "Bottom" 363 -15 basechar 0
LayerCount: 2
Fore
Refer: 2290 58018 N 0.864938 0.12221 -0.121572 0.902657 401.272 105.675 2
Refer: 2305 58023 N 1 0 0 1 223.586 -87 2
Refer: 2286 65 N 1 0 0 1 0 0 2
Position2: "cpsp-1" dx=0 dy=0 dh=50 dv=100
EndChar
