StartChar: uni1F98
Encoding: 8088 8088 1561
Width: 988
VWidth: 0
HStem: -295 44.4951<546.881 617.245> -2.4834 21.1719G<460.698 487.335 705.146 723.503 935.095 959.585> 5.40723 93.6045<201.494 258.91> 308.279 77.7227<431.683 744.572> 600.613 82.8047<446.13 493.086> 607.959 84.9229<918.484 953.712> 654.8 163.9 665.882 20G<689.138 708.03>
VStem: 22.159 112.2<715.122 803.08> 196.666 0.00976562<597.959 611.297> 257.543 174.142<90.3725 305> 267.61 164.072<135.93 305.642 388 594.628> 505.95 65.9873<-249.952 -89.5438> 519.954 71.1582<-220.355 -87.5068> 744.572 156.172<99.6482 308.279 386.002 550.897>
LayerCount: 2
Fore
Refer: 961 890 N 1 0 0 1 500.422 0 2
Refer: 1478 7976 N 1 0 0 1 0 0 3
Validated: 5
EndChar
