StartChar: uni1FED
Encoding: 8173 8173 2031
Width: 295
Flags: HW
HStem: 506 84<1.6937 76.3063 209.694 284.306> 656.951 193.429
VStem: -39.6113 230.611 -4 86<511.582 584.441> 204 86<511.582 584.441>
AnchorPoint: "Top" 143.5 465 mark 0
LayerCount: 2
Fore
Refer: 2391 8175 N 1 0 0 1 -56 87 2
Refer: 2359 57344 N 1 0 0 0.976744 39 548 2
Refer: 2359 57344 N 1 0 0 0.976744 247 548 2
EndChar
