StartChar: uni1E43.pcap
Encoding: 57574 57574 1940
Width: 748
VWidth: 0
Flags: HW
HStem: -206.775 155.55<317.029 436.971> -7.18555 72.3125<85.7311 119.596 201.442 226.996 520.864 550.09 649.701 689.083> 435.6 73.5488<95.2189 124.894 634.914 675.595>
VStem: 120.201 80.7852<68.5188 319.165> 130.786 72.2139<174.702 366> 297.7 158.6<-187.754 -70.173> 336.867 69.4873<-6.59082 70.1937> 541.43 92.8369<162.319 346.9> 550.062 99.3926<66.3807 333.638>
LayerCount: 2
Fore
Refer: 272 803 N 1 0 0 1 571 0 2
Refer: 655 57359 N 1 0 0 1 0 0 3
EndChar
