StartChar: uni1E4F.pcap
Encoding: 57580 57580 1946
Width: 591
VWidth: 1159
Flags: W
HStem: -15.6211 76.5928<236.145 382.52> 421.33 78.4844<207.528 354.482> 767.234 105.84<181.89 275.902 357.89 451.902>
VStem: 27.3418 114.772<154.821 341.939> 174.716 108.36<774.268 866.069> 350.716 108.36<774.268 866.069> 453.23 105.261<145.562 321.729>
LayerCount: 2
Fore
Refer: 100 771 S 0.996195 -0.0871557 0.0871557 0.996195 448.96 28.6837 2
Refer: 97 776 S 1 0 0 1 491.896 174.154 2
Refer: 657 57361 N 1 0 0 1 0 0 3
Validated: 1
EndChar
