StartChar: uni1ED3
Encoding: 7891 7891 1634
Width: 590
Flags: HW
HStem: -11 74<235.683 375.593> 440 77<194.436 334.919> 543.319 131.361
VStem: 30 100<179.83 346.467> 152.22 268.561 436 104<152.433 329.656>
AnchorPoint: "Bottom" 249 -15 basechar 0
LayerCount: 2
Fore
Refer: 389 58082 N 0.815692 -0.0985531 0.330217 0.847854 159.773 166.077 2
Refer: 227 58081 N 1 0 0 1 484 111 2
Refer: 541 111 N 1 0 0 1 0 0 2
EndChar
