StartChar: uni1E65
Encoding: 7781 7781 1420
Width: 434
Flags: HW
HStem: 715.168 132.6<139.021 249.291>
VStem: 126.556 135.2<727.437 835.547>
AnchorPoint: "Bottom" 162 -15 basechar 0
LayerCount: 2
Fore
Refer: 16 58080 N 0.948683 0.316228 -0.316228 0.948683 588.143 61.2062 2
Refer: 1087 775 N 1 0 0 1 349.156 47.468 2
Refer: 684 115 N 1 0 0 1 0 0 2
EndChar
