StartChar: uni1E38
Encoding: 7736 7736 802
Width: 682
VWidth: 0
Flags: W
HStem: -191.681 139.362<245.328 352.672> -15.332 21G<597.499 626.802> -3.39746 95.0742<67.4131 123.331> 5.60254 90.1123<298.887 507.83> 667.882 19.8271G<55.1699 82.852 358.327 381.293> 751.525 100.558<0 311>
VStem: 127.584 161.674<95.0364 589.493> 228.029 141.942<-174.64 -69.2951>
LayerCount: 2
Fore
Refer: 160 58021 N 1 0 0 1 7 0 2
Refer: 560 7734 N 1 0 0 1 0 0 3
Validated: 1
Position2: "cpsp-1" dx=0 dy=0 dh=50 dv=100
EndChar
