StartChar: uni1F4A
Encoding: 8010 8010 1547
Width: 1031
Flags: HW
HStem: -16.2793 88.0098<557.76 703.227> 598.422 90.6641<474.079 626.078> 655.114 163.9
VStem: 23.339 112.2<715.436 803.394> 229.867 185.133<268.197 450.24> 779 172.917<213.637 413.835>
LayerCount: 2
Fore
Refer: 990 927 S 1 0 0 1 184 0 2
Refer: 111 787 N 1.1 0 0 1.1 236.739 29.2137 2
Refer: 94 768 N 1.08329 -0.191013 0.191013 1.08329 352.661 28.3664 2
EndChar
