StartChar: uni1F0C
Encoding: 7948 7948 1468
Width: 733
VWidth: 1159
Flags: HW
HStem: 518.048 23.76<3.19096 49.8394> 652.832 79.92<29.112 74.0649>
VStem: 82.031 48.6<558.997 638.051>
AnchorPoint: "Top" 367 699 basechar 0
AnchorPoint: "Bottom" 353 -15 basechar 0
LayerCount: 2
Fore
Refer: 1608 8127 S 1.08 0 0 1.08 -113.273 -15.472 2
Refer: 92 769 S 1.08329 0.191013 -0.191013 1.08329 491.711 107.371 2
Refer: 976 913 N 1 0 0 1 0 0 3
EndChar
