StartChar: uni1E36
Encoding: 7734 7734 560
Width: 682
VWidth: 1159
Flags: W
HStem: -191.681 139.362<245.328 352.672> -15.332 21G<597.499 626.802> -3.39746 95.0742<67.4131 123.331> 5.60254 90.1123<298.887 507.83> 667.882 19.8271G<55.1699 82.852 358.327 381.293>
VStem: 127.584 161.674<95.0364 589.493> 228.029 141.942<-174.64 -69.2951>
AnchorPoint: "Top" 177 699 basechar 0
LayerCount: 2
Fore
Refer: 283 58031 N 1 0 0 1 493 0 2
Refer: 37 76 N 1 0 0 1 0 0 3
Validated: 1
Position2: "cpsp-1" dx=0 dy=0 dh=50 dv=100
EndChar
