StartChar: uni1F2B
Encoding: 7979 7979 1481
Width: 1078
Flags: W
HStem: -2.4834 21.1719G<550.698 577.335 795.146 813.503 1025.1 1049.59> 5.40723 93.6045<291.494 348.91> 308.279 77.7227<521.683 834.572> 512.416 275.955<53.8616 73.1907> 600.613 82.8047<536.13 583.086> 607.959 84.9229<1008.48 1043.71> 665.882 20G<779.138 798.03>
VStem: -49.9086 197.887<657.338 700.5> 286.666 0.00976562<597.959 611.297> 347.543 174.142<90.3725 305> 357.61 164.072<135.93 305.642 388 594.628> 834.572 156.172<99.6482 308.279 386.002 550.897>
AnchorPoint: "Bottom" 652 -15 basechar 0
AnchorPoint: "Top" 660 699 basechar 0
LayerCount: 2
Fore
Refer: 94 768 N 1.08329 -0.191013 0.191013 1.08329 344.661 28.3664 2
Refer: 694 788 N 1.1 0 0 1.1 317.378 29.9 2
Refer: 982 919 N 1 0 0 1 222 0 2
Validated: 5
EndChar
