StartChar: uni1E8C
Encoding: 7820 7820 631
Width: 801
VWidth: 0
Flags: W
HStem: -5.31152 84.1396<280.918 315.127 695.052 730.331> 2.12402 76.7041<176.983 290.396> 591.951 92.2539<456.562 496.508> 614.872 68.0742<638.497 691.555> 741.771 126.458<219.207 316.793 411.207 508.793>
VStem: 203.481 129.038<757.234 852.825> 395.481 129.038<757.234 852.825>
LayerCount: 2
Fore
Refer: 163 58024 N 1 0 0 1 214 0 2
Refer: 56 88 N 1 0 0 1 0 0 3
Validated: 5
Position2: "cpsp-1" dx=0 dy=0 dh=50 dv=100
EndChar
