StartChar: uni1EB5
Encoding: 7861 7861 844
Width: 442
VWidth: 1159
Flags: W
HStem: 620 76.7188<150.897 298.386>
VStem: 72.3477 305.357
AnchorPoint: "Bottom" 193 -15 basechar 0
LayerCount: 2
Fore
Refer: 0 97 N 1 0 0 1 0 0 2
Refer: 100 771 S 0.994522 -0.104528 0.104528 0.994522 364.47 171.891 2
Refer: 105 774 S 1 0 0 1 399.5 44 2
Validated: 1
EndChar
