StartChar: uni1F9B
Encoding: 8091 8091 1600
Width: 1078
VWidth: 0
HStem: -295 44.4951<636.881 707.245> -2.4834 21.1719G<550.698 577.335 795.146 813.503 1025.1 1049.59> 5.40723 93.6045<291.494 348.91> 308.279 77.7227<521.683 834.572> 512.416 275.955<53.8616 73.1907> 600.613 82.8047<536.13 583.086> 607.959 84.9229<1008.48 1043.71> 665.882 20G<779.138 798.03>
VStem: -49.9086 197.887<657.338 700.5> 286.666 0.00976562<597.959 611.297> 347.543 174.142<90.3725 305> 357.61 164.072<135.93 305.642 388 594.628> 595.95 65.9873<-249.952 -89.5438> 609.954 71.1582<-220.355 -87.5068> 834.572 156.172<99.6482 308.279 386.002 550.897>
LayerCount: 2
Fore
Refer: 961 890 N 1 0 0 1 590.422 0 2
Refer: 1481 7979 N 1 0 0 1 0 0 3
Validated: 5
EndChar
