StartChar: uni1E1F
Encoding: 7711 7711 1280
Width: 381
Flags: HW
HStem: 738.701 113.3<124.335 221.065>
VStem: 113.4 118.6<749.184 841.559>
LayerCount: 2
Fore
Refer: 1087 775 N 0.877221 0 0 0.854451 327.091 240.812 2
Refer: 332 102 N 1 0 0 1 0 0 3
EndChar
