StartChar: uni1ED1
Encoding: 7889 7889 852
Width: 550
VWidth: 0
Flags: HW
HStem: -11 92<261.824 358.744> 422 98<185.532 283.601> 443.319 131.361
VStem: 20 144<205.971 346.529> 127.22 268.561 381 149<152.322 307.098>
AnchorPoint: "Bottom" 249 -15 basechar 0
LayerCount: 2
Fore
Refer: 470 58080 S 0.745874 0.0958213 -0.313113 0.780289 669.65 243.825 2
Refer: 14 111 N 1 0 0 1 0 0 2
Refer: 471 58081 N 1 0 0 1 459 15 2
EndChar
