StartChar: uni1E2F.smcp
Encoding: 57888 57888 2249
Width: 400
VWidth: 1159
Flags: W
HStem: -8 21G<66.0556 90 318 341.471> 501 72<71.5139 148.506> 717.08 105.84<62.4941 156.506 238.494 332.506>
VStem: 55.32 108.36<724.114 815.915> 154 105<64.8722 492.53> 231.32 108.36<724.114 815.915>
LayerCount: 2
Fore
Refer: 470 58080 S 0.994713 0.102691 -0.102691 0.994713 414.934 180.989 2
Refer: 97 776 S 1 0 0 1 383.5 13 2
Refer: 2040 57679 N 1 0 0 1 0 0 3
EndChar
