StartChar: uni1EBF
Encoding: 7871 7871 864
Width: 478
VWidth: 0
Flags: HW
HStem: 543.319 131.361
VStem: 83.2197 268.561
AnchorPoint: "Bottom" 205 -15 basechar 0
LayerCount: 2
Fore
Refer: 470 58080 S 0.813003 0.104456 -0.341293 0.850609 663.242 198.907 2
Refer: 471 58081 N 1 0 0 1 446 111 2
Refer: 4 101 N 1 0 0 1 0 0 2
EndChar
