StartChar: uni1F5B
Encoding: 8027 8027 1565
Width: 526
Flags: HW
HStem: -172 50.1914<195.034 261.203> -12.126 21G<89.1356 115.991> -9 42<444 522.062 653.394 742.814> 0.520508 72.8613<218.589 401.98> 210 70.4111<218.322 353.359> 387.021 116.985<381.468 445.536> 424.291 73.7617<82.5479 116.956 217.821 380.365> 626 76<305.233 414.515 775.65 885.052>
VStem: 117.908 98.4248<70.8583 209.569 281.175 424.398> 264.175 76.4277<-122.225 -75.0357> 357.196 66.7227<188.999 209.988> 381.468 64.0684<387.021 423.216> 416.783 56.6943<87.8257 106.13> 556.377 78.0224<63.5545 371.397>
AnchorPoint: "Top" 584.165 701 basechar 0
AnchorPoint: "Bottom" 596.165 -13 basechar 0
LayerCount: 2
Fore
Refer: 995 933 N 1 0 0 1 252 2 2
Refer: 94 768 N 1.08329 -0.191013 0.191013 1.08329 344.661 28.3664 2
Refer: 268 807 N 1 0 0 1 474 0 2
Refer: 647 57351 N 1 0 0 1 0 0 3
EndChar
