StartChar: uni1E7A
Encoding: 7802 7802 819
Width: 824
Flags: HW
HStem: -13 88<316.037 557.516> 610 66<723.018 783.284> 616 69<57.4167 117.229 230.011 285.696> 710 79.6085<274 585> 803.039 107.8<289.142 378.858 481.142 570.858>
VStem: 117 113<150.891 608.316> 279 110<813.014 900.904> 471 110<813.014 900.904> 643 80<158.27 609.484>
LayerCount: 2
Fore
Refer: 163 58024 N 1 0 0 0.910728 280 129.448 2
Refer: 160 58021 N 1 0 0 0.766251 280 134.442 2
Refer: 53 85 N 1 0 0 1 0 0 2
Position2: "cpsp-1" dx=0 dy=0 dh=50 dv=100
EndChar
