StartChar: uni1E4F
Encoding: 7759 7759 1376
Width: 570
Flags: HW
HStem: -11 74<235.683 375.593> 440 77<194.436 334.919> 767.234 105.84<170.89 264.902 346.89 440.902>
VStem: 30 100<179.83 346.467> 163.716 108.36<774.268 866.069> 339.716 108.36<774.268 866.069> 436 104<152.433 329.656>
LayerCount: 2
Fore
Refer: 771 771 N 0.996195 -0.0773399 0.0871557 0.884 417.96 0.991102 2
Refer: 1088 776 N 1 0 0 0.918512 472.896 145.97 2
Refer: 541 111 N 1 0 0 1 0 0 3
EndChar
