StartChar: uni1E4C
Encoding: 7756 7756 1371
Width: 818
Flags: HW
HStem: -16 72<348.805 529.123> 616 73<286.787 477.181> 743.408 86<439.784 515.6> 789.476 154.372 790.746 85.4463<346.043 426.889>
VStem: 48.1328 119<261.919 449.449> 241.688 205.617 266.601 324.946 655.133 115<214.618 413.376>
LayerCount: 2
Fore
Refer: 2398 79 N 1 0 0 1 0 0 3
Refer: 2444 58022 N 1 0 0 1 323.133 -32 2
Refer: 2290 58018 N 0.699294 0.714834 -0.714834 0.699294 746.546 177.517 2
Position2: "cpsp-1" dx=0 dy=0 dh=50 dv=100
EndChar
