StartChar: uni1F3D
Encoding: 7997 7997 1556
Width: 591
Flags: W
HStem: -15.6211 76.5928<236.145 382.52> -3.31152 21G<282.404 308.801 573.571 600.271> 6.7168 668.642<366.972 520.858> 421.33 78.4844<207.528 354.482> 672.709 20G<287.986 315.654 574.314 603.502> 744.593 102.261<182.896 441.896>
VStem: 27.3418 114.772<154.821 341.939> 366.011 155.869<90.577 590.006> 453.23 105.261<145.562 321.729>
AnchorPoint: "Top" 408 699 basechar 0
AnchorPoint: "Bottom" 404 -15 basechar 0
LayerCount: 2
Fore
Refer: 984 921 N 1 0 0 1 213 0 2
Refer: 92 769 N 1.08329 0.191013 -0.191013 1.08329 467.711 107.371 2
Refer: 100 771 N 0.996195 -0.0871557 0.0871557 0.996195 447.076 21.6804 2
Refer: 101 772 N 1 0 0 1 483.896 168.224 2
Refer: 657 57361 N 1 0 0 1 0 0 3
Validated: 5
EndChar
