StartChar: uni1ED2
Encoding: 7890 7890 836
Width: 819
VWidth: 0
Flags: HW
HStem: -16.2793 88.0098<373.76 519.227> 598.422 90.6641<290.079 442.078>
VStem: 45.8672 185.133<268.197 450.24> 595 172.917<213.637 413.835>
AnchorPoint: "Bottom" 416 -15 basechar 0
LayerCount: 2
Fore
Refer: 159 58020 N 1 0 0 1 286 -26 2
Refer: 96 58019 N 0.722277 0.0866812 0.0866812 0.857723 196.487 150.248 2
Refer: 40 79 N 1 0 0 1 0 0 2
Position2: "cpsp-1" dx=0 dy=0 dh=50 dv=100
EndChar
