StartChar: uni1E1E
Encoding: 7710 7710 544
Width: 618
VWidth: 0
Flags: W
HStem: -7.56934 97.4385<314.453 425.755> 4.46875 83.4092<312.603 421.994> 288.891 78.5908<306.422 428.659> 511.979 21G<505.051 569.777> 592.16 88.7217<81.7812 140.635> 672.425 20G<539.985 562.154> 735.319 139.362<257.328 364.672>
VStem: 143.478 169.522<93.906 287.597> 143.814 160.484<94.7676 291.732 370.721 592.033> 240.029 141.942<752.36 857.705> 447.223 87.3223<226.956 283.345> 503.617 66.1602<516.806 559.292>
LayerCount: 2
Fore
Refer: 164 58025 N 1 0 0 1 233 0 2
Refer: 31 70 N 1 0 0 1 0 0 3
Validated: 1
Position2: "cpsp-1" dx=0 dy=0 dh=50 dv=100
EndChar
