StartChar: uni1EA7.pcap
Encoding: 57624 57624 1907
Width: 549
VWidth: 1159
Flags: W
HStem: -5.05566 64.1494<482.002 521> 124 66<203 336> 443.319 131.361 489.31 20G<250.267 325.404>
VStem: 125.866 268.561
LayerCount: 2
Fore
Refer: 94 768 S 0.782905 0.269867 0.00769009 0.706185 328.48 334.569 2
Refer: 643 57347 N 1 0 0 1 0 0 3
Refer: 471 58081 S 1 0 0 1 457.646 15 2
Validated: 5
EndChar
