StartChar: uni1E52
Encoding: 7762 7762 1383
Width: 818
Flags: HW
HStem: -16 72<348.805 529.123> 616 73<286.787 477.181> 726 79.6085<272.133 583.133> 788.552 154.372
VStem: 48.1328 119<261.919 449.449> 365.296 205.617 655.133 115<214.618 413.376>
LayerCount: 2
Fore
Refer: 2383 58021 N 1 0 0 0.766251 255.133 134.442 2
Refer: 2290 58018 N 1 0 0 0.777343 317.133 224.884 2
Refer: 2398 79 N 1 0 0 1 0 0 2
Position2: "cpsp-1" dx=0 dy=0 dh=50 dv=100
EndChar
