StartChar: uni1E4F
Encoding: 7759 7759 807
Width: 550
VWidth: 0
Flags: HW
HStem: -11 92<261.824 358.744> 422 98<185.532 283.601> 767.234 105.84<160.89 254.902 336.89 430.902>
VStem: 20 144<205.971 346.529> 153.716 108.36<774.268 866.069> 329.716 108.36<774.268 866.069> 381 149<152.322 307.098>
LayerCount: 2
Fore
Refer: 100 771 N 0.996195 -0.0871557 0.0871557 0.996195 427.96 28.6837 2
Refer: 97 776 N 1 0 0 1 470.896 174.154 2
Refer: 14 111 N 1 0 0 1 0 0 3
EndChar
