StartChar: uni1E53.pcap
Encoding: 57582 57582 1948
Width: 591
Flags: HW
HStem: -12 77<238 380.814> 433 79<207.486 352.49> 546.022 80.9567<167.5 426.5>
VStem: 27 115<161.882 350.475> 453 105<152.614 330.102>
LayerCount: 2
Fore
Refer: 470 58080 N 0.994713 0.102691 -0.102691 0.994713 481.934 108.989 2
Refer: 101 772 N 1 0 0 0.868591 466.5 34.3947 2
Refer: 657 57361 N 1 0 0 1 0 0 3
EndChar
