StartChar: uni1EAF
Encoding: 7855 7855 1562
Width: 452
Flags: HW
HStem: 620 76.7188<150.897 298.386>
VStem: 72.3477 305.357
AnchorPoint: "Bottom" 193 -15 basechar 0
LayerCount: 2
Fore
Refer: 16 58080 N 0.813003 0.104456 -0.341293 0.850609 524.242 210.907 2
Refer: 1086 774 N 1 0 0 1 412.5 -31 2
Refer: 0 97 N 1 0 0 1 0 0 2
EndChar
