StartChar: uni1E51.pcap
Encoding: 57581 57581 1947
Width: 591
VWidth: 1159
Flags: HW
HStem: -15.6211 76.5928<236.145 382.52> 421.33 78.4844<207.528 354.482> 625.369 102.261<180.5 439.5>
VStem: 27.3418 114.772<154.821 341.939> 453.23 105.261<145.562 321.729>
LayerCount: 2
Fore
Refer: 94 768 N 0.86012 0.45148 -0.351495 0.861865 649.508 299.031 2
Refer: 101 772 S 1 0 0 1 481.5 49 2
Refer: 657 57361 N 1 0 0 1 0 0 3
EndChar
