StartChar: uni1E33.pcap
Encoding: 57566 57566 1880
Width: 579
VWidth: 0
Flags: W
HStem: -206.775 155.55<234.029 353.971> -5.80859 60.583<354.209 364.484 484.483 543.84> 439.036 67.7607<208.635 230.531 348.833 351.812 437.552 489.394>
VStem: 101.116 107.251<290.88 434.455> 102.381 96.2803<64.9837 210.705 288.518 433.374> 214.7 158.6<-187.754 -70.173> 345.323 6.67676<436.048 438.75>
LayerCount: 2
Fore
Refer: 272 803 N 1 0 0 1 488 0 2
Refer: 653 57357 N 1 0 0 1 0 0 3
Validated: 1
EndChar
