StartChar: uni1E50
Encoding: 7760 7760 1379
Width: 818
Flags: HW
HStem: -16 72<348.805 529.123> 616 73<286.787 477.181> 726 79.6085<272.133 583.133> 787.331 154.372
VStem: 48.1328 119<261.919 449.449> 272.464 205.617 655.133 115<214.618 413.376>
LayerCount: 2
Fore
Refer: 2383 58021 N 1 0 0 0.753689 255.133 143.763 2
Refer: 2350 58019 N 0.995893 0.0794522 -0.0801533 0.773749 410.642 221.101 2
Refer: 2398 79 N 1 0 0 1 0 0 2
Position2: "cpsp-1" dx=0 dy=0 dh=50 dv=100
EndChar
