StartChar: uni1F9A
Encoding: 8090 8090 1563
Width: 1086
VWidth: 0
HStem: -295 44.4951<644.881 715.245> -2.4834 21.1719G<558.698 585.335 803.146 821.503 1033.1 1057.59> 5.40723 93.6045<299.494 356.91> 308.279 77.7227<529.683 842.572> 600.613 82.8047<544.13 591.086> 607.959 84.9229<1016.48 1051.71> 654.8 163.9 665.882 20G<787.138 806.03>
VStem: 22.159 112.2<715.122 803.08> 294.666 0.00976562<597.959 611.297> 355.543 174.142<90.3725 305> 365.61 164.072<135.93 305.642 388 594.628> 603.95 65.9873<-249.952 -89.5438> 617.954 71.1582<-220.355 -87.5068> 842.572 156.172<99.6482 308.279 386.002 550.897>
LayerCount: 2
Fore
Refer: 961 890 N 1 0 0 1 598.422 0 2
Refer: 1480 7978 N 1 0 0 1 0 0 3
Validated: 5
EndChar
