StartChar: uni1E67.pcap
Encoding: 57592 57592 1953
Width: 436
Flags: HW
HStem: -10 74<164.262 302.147> -3 21G<59 132> 439 72<172.328 293.759> 484 20G<316.5 382> 507.319 131.361 651.1 120.9<192.315 293.296>
VStem: 69 87<352.853 420.849> 107.22 268.561 180.9 123.811<662.287 760.858> 316 86<77.8862 167.982>
LayerCount: 2
Fore
Refer: 473 58083 N 1 0 0 1 439 33 2
Refer: 49 775 N 0.915765 0 0 0.911763 403.98 119.816 2
Refer: 661 57365 N 1 0 0 1 0 0 3
EndChar
