StartChar: uni1E93.pcap
Encoding: 57614 57614 1897
Width: 537
VWidth: 0
Flags: HW
HStem: -206.775 155.55<208.029 327.971> -7.74609 21G<44.0537 71.1475> 1.41309 74.1895<204.317 424.251> 423.605 75.7197<113.544 357>
VStem: 188.7 158.6<-187.754 -70.173>
LayerCount: 2
Fore
Refer: 272 803 N 1 0 0 1 462 0 2
Refer: 668 57372 N 1 0 0 1 0 0 3
EndChar
