StartChar: uni1E17.pcap
Encoding: 57552 57552 1265
Width: 526
Flags: HW
HStem: -12 21G<89.1429 116> 1 81<219 404.632> 215 71<218 345.924> 387 117<381 446> 424 74<83 117 217.001 379.771> 546.022 80.9567<140.5 399.5>
VStem: 117 99<82 215 286 424.458> 357 67<190.194 214.518 284.915 308.537> 381 65<387 423.302>
LayerCount: 2
Fore
Refer: 16 58080 N 0.994713 0.102691 -0.102691 0.994713 456.934 108.989 2
Refer: 1084 772 N 1 0 0 0.868591 441.5 34.3947 2
Refer: 269 57351 N 1 0 0 1 0 0 3
EndChar
