StartChar: uni1EB1.smcp
Encoding: 57953 57953 2309
Width: 604
Flags: HW
HStem: -8 68<38.3653 85.7676 173.998 196 417 423.311> 0 59<540.002 585.395> 148 64<221 382> 554 20G<286 359> 700 76.7188<231.897 379.386>
VStem: 153.348 305.357
AnchorPoint: "Bottom" 234 -15 basechar 0
LayerCount: 2
Fore
Refer: 472 58082 N 0.902008 0.0371283 0.155813 0.893781 431.335 200.295 2
Refer: 105 774 N 1 0 0 1 489.5 -18 2
Refer: 2027 57671 N 1 0 0 1 0 0 3
EndChar
