StartChar: uni1EA7.pcap
Encoding: 57624 57624 1547
Width: 549
Flags: HW
HStem: -8 67<33.2113 75.9979 483.002 522> 124 66<203 336> 489 20G<246.5 325> 533.319 131.361
VStem: 150.866 268.561
LayerCount: 2
Fore
Refer: 389 58082 N 0.811628 -0.099822 0.316222 0.853305 164.705 162.788 2
Refer: 227 58081 N 1 0 0 1 482 111 2
Refer: 1 57347 N 1 0 0 1 0 0 3
EndChar
