StartChar: uni1EA7.smcp
Encoding: 57948 57948 2309
Width: 604
Flags: HW
HStem: -8 68<38.3653 85.7676 173.998 196 417 423.311> 0 59<540.002 585.395> 148 64<221 382> 523.319 131.361 554 20G<286 359>
VStem: 144.22 268.561
LayerCount: 2
Fore
Refer: 472 58082 N 0.902008 0.0371283 0.155813 0.893781 301.335 207.295 2
Refer: 471 58081 N 1 0 0 1 511 154 2
Refer: 2032 57671 N 1 0 0 1 0 0 3
EndChar
