StartChar: uni1E4F.smcp
Encoding: 57904 57904 2265
Width: 659
Flags: HW
HStem: -13 75<274.971 431.469> 497 77<238.2 401.869> 844.234 105.84<228.89 322.902 404.89 498.902>
VStem: 34 117<188.562 387.446> 221.716 108.36<851.268 943.069> 397.716 108.36<851.268 943.069> 525 109<172.815 368.674>
LayerCount: 2
Fore
Refer: 100 771 N 0.996195 -0.0736724 0.0871557 0.84208 447.96 73.716 2
Refer: 97 776 N 1 0 0 0.926386 503.896 173.384 2
Refer: 2046 57685 N 1 0 0 1 0 0 3
EndChar
