StartChar: uni1F9D
Encoding: 8093 8093 1602
Width: 1085
VWidth: 0
HStem: -295 44.4951<643.881 714.245> -2.4834 21.1719G<557.698 584.335 802.146 820.503 1032.1 1056.59> 5.40723 93.6045<298.494 355.91> 308.279 77.7227<528.683 841.572> 512.416 275.955<53.8616 73.1907> 600.613 82.8047<543.13 590.086> 607.959 84.9229<1015.48 1050.71> 665.882 20G<786.138 805.03>
VStem: -49.9086 197.887<657.338 700.5> 293.666 0.00976562<597.959 611.297> 354.543 174.142<90.3725 305> 364.61 164.072<135.93 305.642 388 594.628> 602.95 65.9873<-249.952 -89.5438> 616.954 71.1582<-220.355 -87.5068> 841.572 156.172<99.6482 308.279 386.002 550.897>
LayerCount: 2
Fore
Refer: 961 890 N 1 0 0 1 597.422 0 2
Refer: 1483 7981 N 1 0 0 1 0 0 3
Validated: 5
EndChar
