StartChar: uni1FAF
Encoding: 8111 8111 1586
Width: 855
Flags: HW
HStem: -287 44.4951<430.881 501.245> -10 21G<211.117 215.904 768.863 773.642> 0.754883 75.3525<257.163 363.381 616.783 729.981> 499.848 60.48<110.12 165.767> 657 49<375.08 563.066> 903.176 94.6<159.831 228.451> 955.248 93.9909<74.9862 148.16>
VStem: 3.08398 294.106 22.1265 81<569.631 637.366> 167 93<334.929 517.115> 201 40<91.9703 196.875> 389.95 65.9873<-241.952 -81.5438> 403.954 71.1582<-212.355 -79.5068> 725 101<323.745 498.491> 746 43<92.199 191.651>
LayerCount: 2
Fore
Refer: 961 890 N 1 0 0 1 384.422 8 2
Refer: 1578 8047 N 1 0 0 1 0 0 3
EndChar
