StartChar: uni1F2D
Encoding: 7981 7981 1483
Width: 1085
Flags: W
HStem: -2.4834 21.1719G<557.698 584.335 802.146 820.503 1032.1 1056.59> 5.40723 93.6045<298.494 355.91> 308.279 77.7227<528.683 841.572> 512.416 275.955<53.8616 73.1907> 600.613 82.8047<543.13 590.086> 607.959 84.9229<1015.48 1050.71> 665.882 20G<786.138 805.03>
VStem: -49.9086 197.887<657.338 700.5> 293.666 0.00976562<597.959 611.297> 354.543 174.142<90.3725 305> 364.61 164.072<135.93 305.642 388 594.628> 841.572 156.172<99.6482 308.279 386.002 550.897>
AnchorPoint: "Bottom" 659 -15 basechar 0
AnchorPoint: "Top" 667 699 basechar 0
LayerCount: 2
Fore
Refer: 694 788 N 1.1 0 0 1.1 317.378 29.9 2
Refer: 92 769 N 1.08329 0.191013 -0.191013 1.08329 467.711 107.371 2
Refer: 982 919 N 1 0 0 1 229 0 2
Validated: 5
EndChar
