StartChar: uni1EA5
Encoding: 7845 7845 1542
Width: 452
Flags: HW
HStem: 543.319 131.361
VStem: 102.22 268.561
AnchorPoint: "Bottom" 193 -15 basechar 0
LayerCount: 2
Fore
Refer: 16 58080 N 0.813003 0.104456 -0.341293 0.850609 651.242 198.907 2
Refer: 227 58081 N 1 0 0 1 434 111 2
Refer: 0 97 N 1 0 0 1 0 0 2
EndChar
