StartChar: uni1F1C
Encoding: 7964 7964 1476
Width: 861
Flags: HW
HStem: 3.30371 82.6982<551.118 743.553> 300.281 81.3682<551.205 697.815> 513.313 21G<752.962 820.49> 518.048 23.76<-20.809 25.8394> 601.251 77.8885<327.251 385.281 556.57 723.25> 652.832 79.92<5.11204 50.0649> 667.216 20G<799.629 822.623>
VStem: 58.031 48.6<558.997 638.051> 385.093 164.129<88.6364 299.377 382.559 590.083> 708.895 75.8057<261.341 300.053 382.35 419.571> 756.244 64.2461<527.141 576.414>
LayerCount: 2
Fore
Refer: 1608 8127 N 1.08 0 0 1.08 -137.273 -15.472 2
Refer: 92 769 N 1.08329 0.191013 -0.191013 1.08329 467.711 107.371 2
Refer: 980 917 N 1 0 0 1 242 0 2
EndChar
