StartChar: uni1E24
Encoding: 7716 7716 550
Width: 893
VWidth: 0
Flags: W
HStem: -191.681 139.362<364.328 471.672> -2.4834 21.1719G<328.698 355.335 573.146 591.503 803.095 827.585> 5.40723 93.6045<69.4941 126.91> 308.279 77.7227<299.683 612.572> 600.613 82.8047<314.13 361.086> 607.959 84.9229<786.484 821.712> 665.882 20G<557.138 576.03>
VStem: 64.666 0.00976562<597.959 611.297> 125.543 174.142<90.3725 305> 135.61 164.072<135.93 305.642 388 594.628> 347.029 141.942<-174.64 -69.2951> 612.572 156.172<99.6482 308.279 386.002 550.897>
LayerCount: 2
Fore
Refer: 283 58031 N 1 0 0 1 612 0 2
Refer: 33 72 N 1 0 0 1 0 0 3
Validated: 5
Position2: "cpsp-1" dx=0 dy=0 dh=50 dv=100
EndChar
