StartChar: uni1F99
Encoding: 8089 8089 1562
Width: 979
VWidth: 0
Flags: H
HStem: -295 44.4951<537.881 608.245> -2.4834 21.1719G<451.698 478.335 696.146 714.503 926.095 950.585> 5.40723 93.6045<192.494 249.91> 308.279 77.7227<422.683 735.572> 512.416 275.955<53.8616 73.1907> 600.613 82.8047<437.13 484.086> 607.959 84.9229<909.484 944.712> 665.882 20G<680.138 699.03>
VStem: -49.9086 197.887<657.338 700.5> 187.666 0.00976562<597.959 611.297> 248.543 174.142<90.3725 305> 258.61 164.072<135.93 305.642 388 594.628> 496.95 65.9873<-249.952 -89.5438> 510.954 71.1582<-220.355 -87.5068> 735.572 156.172<99.6482 308.279 386.002 550.897>
LayerCount: 2
Fore
Refer: 961 890 N 1 0 0 1 491.422 0 2
Refer: 1479 7977 N 1 0 0 1 0 0 3
EndChar
