StartChar: uni1E10
Encoding: 7696 7696 1251
Width: 804
UnlinkRmOvrlpSave: 1
Flags: HW
HStem: -172.787 53.7051<257.944 337.191> -9.39746 86.4717<56.2725 130.407> -2.65625 89.9629<254.786 476.996> 596.832 91.3076<299.152 463.389>
VStem: 133.634 159.58<94.1296 564.32> 337.924 93.7783<-118.098 -71.2499> 612.21 150.79<219.896 460.752>
LayerCount: 2
Fore
Refer: 2460 58030 N 1 0 0 1 543.435 0 2
Refer: 2318 68 N 1 0 0 1 0 0 3
Position2: "cpsp-1" dx=0 dy=0 dh=50 dv=100
EndChar
