StartChar: uni1F1A
Encoding: 7962 7962 1474
Width: 892
Flags: W
HStem: 3.30371 82.6982<582.118 774.553> 300.281 81.3682<582.205 728.815> 513.313 21G<783.962 851.49> 518.048 23.76<4.19096 50.8394> 601.251 77.8885<358.251 416.281 587.57 754.25> 652.832 79.92<30.112 75.0649> 667.216 20G<830.629 853.623>
VStem: 83.031 48.6<558.997 638.051> 416.093 164.129<88.6364 299.377 382.559 590.083> 739.895 75.8057<261.341 300.053 382.35 419.571> 787.244 64.2461<527.141 576.414>
LayerCount: 2
Fore
Refer: 1608 8127 N 1.08 0 0 1.08 -112.273 -15.472 2
Refer: 94 768 N 1.08329 -0.191013 0.191013 1.08329 352.661 28.3664 2
Refer: 980 917 N 1 0 0 1 273 0 2
Validated: 1
EndChar
