StartChar: uni1EAF.smcp
Encoding: 57952 57952 2313
Width: 530
VWidth: 1159
Flags: W
HStem: -4.3 29.9<23.3 61.425 342.407 372.926> 170.1 29.6<189.749 321.807> 700 76.7188<231.897 379.386>
VStem: 153.348 305.357 263.2 34.6<439.075 504.1>
LayerCount: 2
Fore
Refer: 2032 57671 S 1 0 0 1 0 0 3
Refer: 105 774 N 1 0 0 1 480.5 124 2
Refer: 470 58080 N 0.745874 0.0958213 -0.313113 0.780289 609.65 315.825 2
Validated: 5
EndChar
