StartChar: uni1E51
Encoding: 7761 7761 1380
Width: 590
Flags: HW
HStem: -11 74<235.683 375.593> 440 77<194.436 334.919> 636.022 80.9567<168.5 427.5>
VStem: 30 100<179.83 346.467> 436 104<152.433 329.656>
LayerCount: 2
Fore
Refer: 389 58082 N 0.998734 -0.0503045 0.0503045 0.998734 446.006 101.426 2
Refer: 1084 772 N 1 0 0 0.822517 458.5 79.8291 2
Refer: 541 111 N 1 0 0 1 0 0 2
EndChar
