StartChar: uni1F9C
Encoding: 8092 8092 1601
Width: 1085
VWidth: 0
Flags: H
HStem: -295 44.4951<643.881 714.245> -2.4834 21.1719G<557.698 584.335 802.146 820.503 1032.1 1056.59> 5.40723 93.6045<298.494 355.91> 308.279 77.7227<528.683 841.572> 600.613 82.8047<543.13 590.086> 607.959 84.9229<1015.48 1050.71> 655.114 163.9 665.882 20G<786.138 805.03>
VStem: 23.339 112.2<715.436 803.394> 293.666 0.00976562<597.959 611.297> 354.543 174.142<90.3725 305> 364.61 164.072<135.93 305.642 388 594.628> 602.95 65.9873<-249.952 -89.5438> 616.954 71.1582<-220.355 -87.5068> 841.572 156.172<99.6482 308.279 386.002 550.897>
LayerCount: 2
Fore
Refer: 961 890 N 1 0 0 1 597.422 0 2
Refer: 1482 7980 N 1 0 0 1 0 0 3
EndChar
