StartChar: uni1E15
Encoding: 7701 7701 793
Width: 464
VWidth: 1159
Flags: HW
HStem: 573.022 80.9567<114.5 373.5>
AnchorPoint: "Bottom" 205 -15 basechar 0
LayerCount: 2
Fore
Refer: 472 58082 S 0.998734 -0.0503045 0.0503045 0.998734 403.006 101.426 2
Refer: 101 772 S 1 0 0 0.822517 415.5 79.8291 2
Refer: 4 101 N 1 0 0 1 0 0 3
EndChar
