StartChar: uni1F1C
Encoding: 7964 7964 1476
Width: 861
Flags: HW
HStem: -14 65<337.708 384.082> 1 76<496.078 768.75> 306 69<496 711.271> 501.848 60.48<-37.0091 18.6371> 612 67<327 385.054 498.953 758.686> 667 20G<800 823>
VStem: 25.6309 81<571.631 639.366> 386 110<77.9826 305 374 607.868> 722 63<261.095 305.939 375.112 419.629> 761 59<543 603.369> 810 59<127.365 143.729>
LayerCount: 2
Fore
Refer: 1618 8189 S 1.08329 0.191013 -0.191013 1.08329 98.2759 -26.841 2
Refer: 1608 8127 N 1.08 0 0 1.08 -137.273 -15.472 2
Refer: 980 917 N 1 0 0 1 242 0 2
EndChar
