StartChar: uni1F4B
Encoding: 8011 8011 1548
Width: 1023
Flags: HW
HStem: -16.2793 88.0098<549.76 695.227> 512.416 275.955<53.8616 73.1907> 598.422 90.6641<466.079 618.078>
VStem: -49.9086 197.887<657.338 700.5> 221.867 185.133<268.197 450.24> 771 172.917<213.637 413.835>
LayerCount: 2
Fore
Refer: 990 927 S 1 0 0 1 176 0 2
Refer: 694 788 N 1.1 0 0 1.1 317.378 29.9 2
Refer: 94 768 N 1.08329 -0.191013 0.191013 1.08329 344.661 28.3664 2
EndChar
