StartChar: uni1ED1.smcp
Encoding: 57969 57969 1632
Width: 659
Flags: HW
HStem: -15.858 74.9411<273.024 431.504> 491.323 76.6295<237.92 401.754> 525.319 129.361
VStem: 34.0109 116.953<183.715 382.171> 195.22 268.561 525.047 108.837<167.936 363.427>
LayerCount: 2
Fore
Refer: 16 58080 N 0.904515 -0.03279 -0.183591 0.895308 668.594 193.867 2
Refer: 227 58081 N 1 0 0 1 525 156 2
Refer: 543 57685 N 1 0 0 1 0 0 3
EndChar
