StartChar: uni1E51.smcp
Encoding: 57905 57905 2261
Width: 659
Flags: HW
HStem: -13 75<274.971 431.469> 497 77<238.2 401.869> 709.022 80.9567<226.5 485.5>
VStem: 34 117<188.562 387.446> 525 109<172.815 368.674>
LayerCount: 2
Fore
Refer: 472 58082 N 0.995309 -0.0967419 0.0967419 0.995309 502.521 124.184 2
Refer: 101 772 N 1 0 0 0.866888 497.5 88.0653 2
Refer: 2041 57685 N 1 0 0 1 0 0 3
EndChar
