StartChar: uni1FDB
Encoding: 8155 8155 1919
Width: 468
Flags: HW
HStem: -8 21G<196.158 222.5 487.5 514.389> 672 20G<201.421 229.5 489 518.026>
VStem: 306 106<67.4773 555.247>
LayerCount: 2
Fore
Refer: 1945 8189 N 1.08329 0.191013 -0.191013 1.08329 -37.7241 -26.841 2
Refer: 2364 921 N 1 0 0 1 127 0 2
EndChar
