StartChar: uni1F2A
Encoding: 7978 7978 1480
Width: 1086
Flags: W
HStem: -2.4834 21.1719G<558.698 585.335 803.146 821.503 1033.1 1057.59> 5.40723 93.6045<299.494 356.91> 308.279 77.7227<529.683 842.572> 600.613 82.8047<544.13 591.086> 607.959 84.9229<1016.48 1051.71> 654.8 163.9 665.882 20G<787.138 806.03>
VStem: 22.159 112.2<715.122 803.08> 294.666 0.00976562<597.959 611.297> 355.543 174.142<90.3725 305> 365.61 164.072<135.93 305.642 388 594.628> 842.572 156.172<99.6482 308.279 386.002 550.897>
AnchorPoint: "Bottom" 660 -15 basechar 0
AnchorPoint: "Top" 668 699 basechar 0
LayerCount: 2
Fore
Refer: 94 768 N 1.08329 -0.191013 0.191013 1.08329 352.661 28.3664 2
Refer: 982 919 N 1 0 0 1 230 0 2
Refer: 111 787 N 1.1 0 0 1.1 235.559 28.9 2
Validated: 5
EndChar
