StartChar: uni1EC1.pcap
Encoding: 57637 57637 1599
Width: 526
Flags: HW
HStem: -12 21G<89.1429 116> 1 81<219 404.632> 215 71<218 345.924> 387 117<381 446> 424 74<83 117 217.001 379.771> 533.319 131.361
VStem: 117 99<82 215 286 424.458> 142.22 268.561 357 67<190.194 214.518 284.915 308.537> 381 65<387 423.302>
LayerCount: 2
Fore
Refer: 389 58082 N 0.811628 -0.099822 0.316222 0.853305 154.705 162.788 2
Refer: 227 58081 N 1 0 0 1 472 111 2
Refer: 269 57351 N 1 0 0 1 0 0 3
EndChar
