StartChar: uni1F1B
Encoding: 7963 7963 1475
Width: 885
Flags: HW
HStem: 3.30371 82.6982<575.118 767.553> 300.281 81.3682<575.205 721.815> 513.313 21G<776.962 844.49> 516.048 23.76<69.9981 116.647> 601.251 77.8885<351.251 409.281 580.57 747.25> 650.832 79.92<44.6202 90.7254> 667.216 20G<823.629 846.623>
VStem: -10.7935 47.52<558.127 635.887> 409.093 164.129<88.6364 299.377 382.559 590.083> 732.895 75.8057<261.341 300.053 382.35 419.571> 780.244 64.2461<527.141 576.414>
LayerCount: 2
Fore
Refer: 1616 8190 N 1.08 0 0 1.08 -79.9135 -17.472 2
Refer: 94 768 N 1.08329 -0.191013 0.191013 1.08329 344.661 28.3664 2
Refer: 980 917 N 1 0 0 1 266 0 2
EndChar
