StartChar: uni1E7B
Encoding: 7803 7803 1464
Width: 599
Flags: HW
HStem: 636.022 80.9567<176 435> 742.21 105.84<167.494 261.506 343.494 437.506>
VStem: 160.32 108.36<749.244 841.045> 336.32 108.36<749.244 841.045>
AnchorPoint: "Bottom" 256 -15 basechar 0
LayerCount: 2
Fore
Refer: 1088 776 N 1 0 0 0.949814 477.5 115.737 2
Refer: 1084 772 N 1 0 0 0.822517 476.5 79.8291 2
Refer: 786 117 N 1 0 0 1 0 0 2
EndChar
