StartChar: uni1EC1
Encoding: 7873 7873 865
Width: 478
Flags: HW
HStem: 543.319 131.361
VStem: 83.2197 268.561
AnchorPoint: "Bottom" 205 -15 basechar 0
LayerCount: 2
Fore
Refer: 472 58082 N 0.815692 -0.0985531 0.330217 0.847854 120.773 166.077 2
Refer: 471 58081 N 1 0 0 1 445 111 2
Refer: 4 101 N 1 0 0 1 0 0 2
EndChar
