StartChar: uni1EB0
Encoding: 7856 7856 1565
Width: 733
UnlinkRmOvrlpSave: 1
Flags: HW
HStem: 658.447 78.834<287.609 457.733> 728.331 154.372
VStem: 210.917 205.617 214.351 317.471
AnchorPoint: "Bottom" 363 -15 basechar 0
LayerCount: 2
Fore
Refer: 2350 58019 N 0.864938 -0.12221 0.121572 0.902657 260.109 129.288 2
Refer: 2286 65 N 1 0 0 1 0 0 2
Refer: 2305 58023 N 1 0 0 1 225.586 -87 2
Position2: "cpsp-1" dx=0 dy=0 dh=50 dv=100
EndChar
