StartChar: uni1E51.pcap
Encoding: 57581 57581 1947
Width: 591
VWidth: 1159
Flags: HW
HStem: -12 77<238 380.814> 433 79<207.486 352.49> 545.022 80.9567<158.5 417.5>
VStem: 27 115<161.882 350.475> 453 105<152.614 330.102>
LayerCount: 2
Fore
Refer: 472 58082 N 0.995309 -0.0967419 0.0967419 0.995309 464.521 75.1841 2
Refer: 101 772 N 1 0 0 0.877805 459.5 28.1079 2
Refer: 657 57361 N 1 0 0 1 0 0 3
EndChar
