StartChar: uni1E95.pcap
Encoding: 57615 57615 1893
Width: 537
Flags: HW
HStem: -123.631 102.261<138 397> -7.74609 21G<44.0537 71.1475> 1.41309 74.1895<204.317 424.251> 423.605 75.7197<113.544 357>
LayerCount: 2
Fore
Refer: 532 817 N 1 0 0 1 462 0 2
Refer: 668 57372 N 1 0 0 1 0 0 3
EndChar
