StartChar: uni1EA5.smcp
Encoding: 57947 57947 1544
Width: 604
Flags: HMW
LayerCount: 2
Fore
Refer: 16 58080 N 0.904515 -0.03279 -0.183591 0.895308 657.743 193.718 2
Refer: 227 58081 N 1 0 0 1 514 156 2
Refer: 2 57671 N 1 0 0 1 0 0 3
EndChar
