StartChar: uni1E79.smcp
Encoding: 57925 57925 2286
Width: 673
Flags: HW
HStem: -12 84<277.033 457.515> 497 65<54.8889 97.3068 204.007 240.131 607.22 650.378> 549 20G<483.71 495.5 644.5 652.37> 707.408 86<386.331 454.951> 754.746 85.4463<301.486 374.66>
VStem: 102 102<145.953 494.813> 229.584 294.106 524 83<144.403 496.413>
LayerCount: 2
Fore
Refer: 470 58080 N 0.635145 0.772393 -0.772393 0.635145 732.078 373.521 2
Refer: 100 771 N 1 0 0 1 585 9 2
Refer: 2052 57691 N 1 0 0 1 0 0 3
EndChar
