StartChar: uni1E67.smcp
Encoding: 57916 57916 1426
Width: 482
Flags: HW
HStem: -11 76<179.684 337.824> -3 21G<66 136> 502 72<192.465 332.203> 582.319 131.361 824.1 132.6<208.365 318.635>
VStem: 77 91<394.355 476.991> 107.22 268.561 195.9 135.2<836.369 944.479> 361 89<86.3815 188.788>
LayerCount: 2
Fore
Refer: 210 58083 N 1 0 0 1 461 85 2
Refer: 1087 775 N 0.915765 0 0 0.911763 425.98 171.816 2
Refer: 686 57689 N 1 0 0 1 0 0 3
EndChar
