StartChar: uni1F4C
Encoding: 8012 8012 1549
Width: 949
Flags: W
HStem: -16.2793 88.0098<475.76 621.227> 598.422 90.6641<392.079 544.078> 655.114 163.9
VStem: 23.339 112.2<715.436 803.394> 147.867 185.133<268.197 450.24> 697 172.917<213.637 413.835>
LayerCount: 2
Fore
Refer: 990 927 S 1 0 0 1 102 0 2
Refer: 92 769 N 1.08329 0.191013 -0.191013 1.08329 467.711 107.371 2
Refer: 111 787 N 1.1 0 0 1.1 236.739 29.2137 2
Validated: 5
EndChar
