StartChar: uni1E0E
Encoding: 7694 7694 535
Width: 804
VWidth: 0
Flags: HW
HStem: -123.631 102.261<226 485> -9.39746 86.4717<60.8379 134.972> -2.65625 89.9629<259.351 481.561> 596.832 91.3076<303.717 467.954>
VStem: 138.199 159.58<94.1296 564.32> 616.775 150.79<219.896 460.752>
LayerCount: 2
Fore
Refer: 532 817 N 1 0 0 1 550 0 2
Refer: 29 68 N 1 0 0 1 0 0 3
Position2: "cpsp-1" dx=0 dy=0 dh=50 dv=100
EndChar
