StartChar: uni1EB5.pcap
Encoding: 57631 57631 2008
Width: 549
VWidth: 1159
Flags: HW
HStem: -5.05566 64.1494<482.002 521> 124 66<203 336> 489.31 20G<250.267 325.404> 620 76.7188<213.543 361.032>
VStem: 134.994 305.357
AnchorPoint: "Bottom" 234 -15 basechar 0
LayerCount: 2
Fore
Refer: 100 771 N 0.994522 -0.104528 0.104528 0.994522 427.116 171.891 2
Refer: 105 774 N 1 0 0 1 462.146 44 2
Refer: 643 57347 N 1 0 0 1 0 0 3
EndChar
