StartChar: uni1FDD
Encoding: 8157 8157 1613
Width: 278
VWidth: 1043
Flags: W
HStem: 494 22<63.807 107> 618.8 74<40.309 82.999>
VStem: -11 44<532.962 604.962>
AnchorPoint: "Top" 143.501 464 mark 0
LayerCount: 2
Fore
Refer: 1616 8190 S 1 0 0 1 -75 0 2
Refer: 94 768 N 0.984808 -0.173648 0.173648 0.984808 344.788 22.957 2
Validated: 1
EndChar
