StartChar: uni1EC1.pcap
Encoding: 57637 57637 2014
Width: 526
VWidth: 1159
Flags: HW
HStem: -12.126 21G<89.1356 115.991> 0.520508 72.8613<218.589 401.98> 210 70.4111<218.322 353.359> 387.021 116.985<381.468 445.536> 424.291 73.7617<82.5479 116.956 217.821 380.365> 443.319 131.361
VStem: 109.22 268.561 117.908 98.4248<70.8583 209.569 281.175 424.398> 357.196 66.7227<188.999 209.988> 381.468 64.0684<387.021 423.216> 416.783 56.6943<87.8257 106.13>
LayerCount: 2
Fore
Refer: 94 768 S 0.782905 0.269867 0.00769009 0.706185 311.834 334.569 2
Refer: 647 57351 N 1 0 0 1 0 0 3
Refer: 471 58081 N 1 0 0 1 441 15 2
EndChar
