StartChar: uni1EB1
Encoding: 7857 7857 846
Width: 456
Flags: HW
HStem: 620 76.7188<150.897 298.386>
VStem: 72.3477 305.357
AnchorPoint: "Bottom" 193 -15 basechar 0
LayerCount: 2
Fore
Refer: 472 58082 N 0.815692 -0.0985531 0.330217 0.847854 248.773 178.077 2
Refer: 105 774 N 1 0 0 1 417.5 -30 2
Refer: 0 97 N 1 0 0 1 0 0 2
EndChar
