StartChar: uni1EA7
Encoding: 7847 7847 840
Width: 442
VWidth: 0
Flags: HW
HStem: 443.319 131.361
VStem: 67.2197 268.561
AnchorPoint: "Bottom" 193 -15 basechar 0
LayerCount: 2
Fore
Refer: 94 768 N 0.782905 0.269867 0.00769009 0.706185 269.834 334.569 2
Refer: 471 58081 N 1 0 0 1 399 15 2
Refer: 0 97 N 1 0 0 1 0 0 2
EndChar
