StartChar: uni1E79
Encoding: 7801 7801 1460
Width: 563
Flags: HW
HStem: 627.408 86<328.331 396.951> 674.746 85.4463<243.486 316.66>
VStem: 171.584 294.106
AnchorPoint: "Bottom" 256 -15 basechar 0
LayerCount: 2
Fore
Refer: 16 58080 N 0.635145 0.772393 -0.772393 0.635145 711.078 355.521 2
Refer: 771 771 N 1 0 0 1 564 -34 2
Refer: 786 117 N 1 0 0 1 0 0 2
EndChar
