StartChar: uni1E8A
Encoding: 7818 7818 629
Width: 801
VWidth: 0
Flags: W
HStem: -5.31152 84.1396<280.918 315.127 695.052 730.331> 2.12402 76.7041<176.983 290.396> 591.951 92.2539<456.562 496.508> 614.872 68.0742<638.497 691.555> 735.319 139.362<312.328 419.672>
VStem: 295.029 141.942<752.36 857.705>
LayerCount: 2
Fore
Refer: 164 58025 N 1 0 0 1 288 0 2
Refer: 56 88 N 1 0 0 1 0 0 3
Validated: 5
Position2: "cpsp-1" dx=0 dy=0 dh=50 dv=100
EndChar
