StartChar: uni1FDD
Encoding: 8157 8157 1613
Width: 278
VWidth: 1043
Flags: HW
HStem: 479 56<69.4757 121>
VStem: -12 75<543.614 606.331>
AnchorPoint: "Top" 143.501 464 mark 0
LayerCount: 2
Fore
Refer: 2391 8175 S 0.984808 -0.173648 0.173648 0.984808 -12.6018 86.4233 2
Refer: 1616 8190 N 1 0 0 1 -75 0 2
EndChar
