StartChar: uni203B
Encoding: 8251 8251 1515
Width: 636
UnlinkRmOvrlpSave: 1
Flags: HW
HStem: -127.557 234.318<291.481 343.232> 133.443 234.318<30.4812 82.2319 552.481 604.232> 396.443 234.318<291.481 343.232>
VStem: -60.32 233.639<225.017 274.427> 200.68 233.639<-35.9828 13.4269 488.017 537.427> 461.68 233.639<225.017 274.427>
LayerCount: 2
Fore
Refer: 1970 58113 N -0.353553 0.353553 -0.707107 -0.707107 493.777 72.2233 2
Refer: 1970 58113 N 0.353553 0.353553 -0.707107 0.707107 140.223 72.2233 2
Refer: 48 46 N 1 0 0 1 209 -70 2
Refer: 48 46 N 1 0 0 1 470 191 2
Refer: 48 46 N 1 0 0 1 -52 191 2
Refer: 48 46 N 1 0 0 1 209 454 2
EndChar
