StartChar: uni2080.alt
Encoding: 58425 58425 1733
Width: 344
VWidth: 1159
UnlinkRmOvrlpSave: 1
Flags: W
HStem: -80.1904 58.0342<129.981 229.622> 136.84 58.3115<114.774 214.266>
VStem: 26.54 73.6611<8.90459 121.642> 243.659 70.3408<-7.72759 107.813>
LayerCount: 2
Fore
Refer: 1969 58112 S 0.177136 0.203772 -0.75471 0.656059 81.432 -44.8858 2
Refer: 1397 8320 N 1 0 0 1 0 0 2
EndChar
