StartChar: uni2031
Encoding: 8241 8241 1449
Width: 1341
VWidth: 1159
Flags: W
HStem: -80.1904 58.0342<472.022 577.724 798.022 903.724 1124.02 1229.72> 136.84 58.3115<458.263 562.198 784.263 888.198 1110.26 1214.2> 198.81 58.0342<127.022 232.724> 415.84 58.3115<113.263 217.198>
VStem: 26.54 69.6611<288.767 399.675> 247.659 66.3408<273.293 385.976> 371.54 69.6611<9.7665 120.675> 592.659 66.3408<-5.70744 106.976> 697.54 69.6611<9.7665 120.675> 918.659 66.3408<-5.70744 106.976> 1023.54 69.6611<9.7665 120.675> 1244.66 66.3408<-5.70744 106.976>
LayerCount: 2
Fore
Refer: 1397 8320 N 1 0 0 1 997 0 2
Refer: 1286 8240 N 1 0 0 1 0 0 2
Validated: 1
EndChar
