StartChar: uni2244
Encoding: 8772 8772 1524
Width: 463
VWidth: 0
UnlinkRmOvrlpSave: 1
Flags: HW
HStem: 98.6523 112.695<34 428> 233.276 84.5838<291.937 369.166> 296.281 83.9053<136.77 222.297>
LayerCount: 2
Fore
Refer: 1970 58113 N 0.2155 0.373257 -0.920152 0.53125 123.75 30.3715 2
Refer: 330 8722 N 1 0 0 1 0 -62 2
Refer: 1521 8764 N 1 0 0 1 0 54 2
EndChar
