StartChar: uni2249
Encoding: 8777 8777 1522
Width: 463
UnlinkRmOvrlpSave: 1
Flags: HW
HStem: 109.276 84.5838<291.937 369.166> 172.281 83.9053<136.77 222.297> 233.276 84.5838<291.937 369.166> 296.281 83.9053<136.77 222.297>
LayerCount: 2
Fore
Refer: 1970 58113 N 0.2155 0.373257 -0.920152 0.53125 123.75 30.3715 2
Refer: 1521 8764 N 1 0 0 1 0 -70 2
Refer: 1521 8764 N 1 0 0 1 0 54 2
EndChar
