StartChar: uni2042
Encoding: 8258 8258 440
Width: 816
VWidth: 1159
Flags: W
HStem: 98.7411 122.994<692.515 755.961>
LayerCount: 2
Fore
Refer: 87 42 N 0.5 -0.866025 0.866025 0.5 -308.626 138.523 2
Refer: 87 42 N -1 0 0 -1 814.329 676.785 2
Refer: 87 42 N -0.994522 0.104528 -0.104528 -0.994522 670.599 998.568 2
Validated: 1
EndChar
