StartChar: uni2070.alt
Encoding: 58424 58424 1727
Width: 344
UnlinkRmOvrlpSave: 1
Flags: HW
HStem: 433.81 58.0342<129.981 229.622> 650.84 58.3115<114.774 214.266>
VStem: 26.54 73.6611<522.905 635.642> 243.659 70.3408<506.272 621.813>
LayerCount: 2
Fore
Refer: 1964 58112 N 0.177136 0.203772 -0.75471 0.656059 81.432 469.114 2
Refer: 1326 8304 N 1 0 0 1 0 0 2
EndChar
