StartChar: uni2080.alt
Encoding: 58425 58425 1733
Width: 344
VWidth: 1159
UnlinkRmOvrlpSave: 1
Flags: W
HStem: -80.1904 58.0342<127.022 232.724> 136.84 58.3115<113.263 217.198>
VStem: 26.54 69.6611<9.7665 120.675> 247.659 66.3408<-5.70744 106.976>
LayerCount: 2
Fore
Refer: 1969 58112 S 0.177136 0.203772 -0.75471 0.656059 81.432 -44.8858 2
Refer: 1397 8320 N 1 0 0 1 0 0 2
EndChar
