StartChar: uni2070.alt
Encoding: 58424 58424 1732
Width: 344
VWidth: 1159
UnlinkRmOvrlpSave: 1
Flags: W
HStem: 433.81 58.0342<127.022 232.724> 650.84 58.3115<113.263 217.198>
VStem: 26.54 69.6611<523.767 634.675> 247.659 66.3408<508.293 620.976>
LayerCount: 2
Fore
Refer: 1969 58112 S 0.177136 0.203772 -0.75471 0.656059 81.432 469.114 2
Refer: 1331 8304 N 1 0 0 1 0 0 2
EndChar
