StartChar: uni2189.alt
Encoding: 58448 58448 1737
Width: 644
VWidth: 0
UnlinkRmOvrlpSave: 1
Flags: W
HStem: -102.22 53.0937<412.84 475.517> 51.6777 52.2207<464.075 489.533> 194.316 70.7607<440.609 521.099> 256.447 62.8281<142.299 243.649> 548.271 62.0498<129.552 229.612>
VStem: 25.4316 72.7295<368.474 517.01> 272.127 69.4727<349.416 503.408> 521.474 85.4844<133.804 193.006> 534.059 91.8896<-6.36076 63.4024>
LayerCount: 2
Fore
Refer: 1969 58112 S 0.197336 0.235176 -0.829881 0.696353 83.8321 316.412 2
Refer: 1426 8585 N 1 0 0 1 0 0 2
EndChar
