StartChar: uni205C
Encoding: 8284 8284 1989
Width: 596
Flags: HW
HStem: -50.9637 234.318<91.9466 143.697> -50.6708 234.318<455.496 507.247> 314.587 234.318<455.496 507.247> 315.001 234.318<89.8251 141.576>
VStem: -0.976104 233.639<406.575 455.985> 1.1454 233.639<40.611 90.0207> 364.695 233.639<40.9039 90.3136 406.161 455.571>
LayerCount: 2
Fore
Refer: 753 58113 N -0.574999 0 0 -1 585.5 248.172 2
Refer: 753 58113 N 0 0.574999 -1 0 298 -39.3286 2
Refer: 631 46 N 1 0 0 1 373.015 6.8867 2
Refer: 631 46 N 1 0 0 1 373.015 372.144 2
Refer: 631 46 N 1 0 0 1 9.4654 6.5938 2
Refer: 631 46 N 1 0 0 1 7.3439 372.558 2
EndChar
