StartChar: uni2016
Encoding: 8214 8214 469
Width: 273
VWidth: 1515
Flags: HW
LayerCount: 2
Fore
Refer: 325 124 N 0.958343 0 0 1 128.29 0 2
Refer: 325 124 N 0.947926 0 0 1 -6.38565 0 2
EndChar
