StartChar: uniE2B9
Encoding: 58041 58041 2453
Width: 824
VWidth: 1159
Flags: HW
HStem: -13 88<316.037 557.516> 610 66<723.018 783.284> 616 69<57.4167 117.229 230.011 285.696> 684.1 90.8999<294.142 383.858 486.142 575.858>
VStem: 117 113<150.891 608.316> 284 110<692.511 766.622> 476 110<692.511 766.622> 643 80<158.27 609.484>
AnchorPoint: "Top" 431 679 mark 0
LayerCount: 2
Fore
Refer: 163 58024 N 1 0 0 0.843226 285 60.7531 2
Refer: 167 58028 N 1 0 0 0.866145 290.5 134.702 2
EndChar
