StartChar: uniE2F7
Encoding: 58103 58103 2487
Width: 549
VWidth: 1159
Flags: HW
HStem: -8 67<33.2113 75.9979 483.002 522> 124 66<203 336> 489 20G<246.5 325> 533.319 131.361
VStem: 150.866 268.561
AnchorPoint: "Top" 286 537 mark 0
LayerCount: 2
Fore
Refer: 470 58080 N 0.813003 0.104456 -0.341293 0.850609 699.242 197.268 2
Refer: 471 58081 N 1 0 0 1 482 111 2
EndChar
