StartChar: uniE2F0
Encoding: 58096 58096 2480
Width: 526
VWidth: 1159
Flags: HW
HStem: -12 21G<89.1429 116> 1 81<219 404.632> 215 71<218 345.924> 387 117<381 446> 424 74<83 117 217.001 379.771> 545.022 80.9567<140.5 399.5>
VStem: 117 99<82 215 286 424.458> 357 67<190.194 214.518 284.915 308.537> 381 65<387 423.302>
AnchorPoint: "Top" 278 537 mark 0
LayerCount: 2
Fore
Refer: 472 58082 N 0.995309 -0.0967419 0.0967419 0.995309 446.521 75.1841 2
Refer: 101 772 N 1 0 0 0.877805 441.5 28.1079 2
EndChar
