StartChar: uniE2FB
Encoding: 58107 58107 2491
Width: 549
VWidth: 1159
Flags: HW
HStem: -8 67<33.2113 75.9979 483.002 522> 124 66<203 336> 489 20G<246.5 325> 530 76.7188<213.543 361.032>
VStem: 134.994 305.357
AnchorPoint: "Top" 286 537 mark 0
LayerCount: 2
Fore
Refer: 470 58080 N 0.813003 0.104456 -0.341293 0.850609 573.242 210.907 2
Refer: 105 774 N 1 0 0 1 461.5 -31 2
EndChar
