StartChar: zcaron.smcp
Encoding: 57789 57789 2145
Width: 593
Flags: HW
HStem: -5.06965 21G<47.3257 78.7403> 2.37918 70.163<208.962 483.564> 489.069 75.1379<122.862 415.467> 719.199 155.801
VStem: 155.7 312.5
LayerCount: 2
Fore
Refer: 103 780 N 1 0 0 1 484 42 2
Refer: 2052 57696 N 1 0 0 1 0 0 3
EndChar
