StartChar: zcaron.pcap
Encoding: 57465 57465 1720
Width: 537
Flags: HW
HStem: -7.74609 21G<44.0537 71.1475> 1.41309 74.1895<204.317 424.251> 423.605 75.7197<113.544 357> 569.199 167.801
VStem: 124.2 312.5
LayerCount: 2
Fore
Refer: 103 780 N 1 0 0 1 457 0 2
Refer: 668 57372 N 1 0 0 1 0 0 3
EndChar
