StartChar: zdotaccent.pcap
Encoding: 57464 57464 2264
Width: 537
Flags: HW
HStem: -7.74609 21G<44.0537 71.1475> 1.41309 74.1895<204.317 424.251> 423.605 75.7197<113.544 357> 571.225 155.55<221.029 340.971>
VStem: 201.7 158.6<590.246 707.827>
LayerCount: 2
Fore
Refer: 1087 775 N 1 0 0 1 457 0 2
Refer: 2255 57372 N 1 0 0 1 0 0 3
EndChar
