StartChar: zerothirds.afrcalt
Encoding: 58450 58450 1739
Width: 463
VWidth: 1159
UnlinkRmOvrlpSave: 1
Flags: W
HStem: -13 53<144 208.067> 106 54<206 225.096> 214 68<162.12 233.62> 312.25 59.5<34 428> 415.81 58.0342<190.022 295.724> 632.84 58.3115<176.263 280.198>
VStem: 89.54 69.6611<505.767 616.675> 234 84<170.873 238> 241 92<67.7374 113.936> 310.659 66.3408<490.293 602.976>
LayerCount: 2
Fore
Refer: 1969 58112 N 0.177136 0.203772 -0.75471 0.656059 144.432 451.114 2
Refer: 1425 58446 N 1 0 0 1 0 0 2
EndChar
