StartChar: zero.numeratoralt
Encoding: 58426 58426 1734
Width: 345
VWidth: 1159
UnlinkRmOvrlpSave: 1
Flags: W
HStem: 256.447 62.8281<142.299 243.649> 548.271 62.0498<129.552 229.612>
VStem: 25.4316 72.7295<368.474 517.01> 272.127 69.4727<349.416 503.408>
LayerCount: 2
Fore
Refer: 1969 58112 S 0.197336 0.235176 -0.829881 0.696353 83.8321 316.412 2
Refer: 922 58408 N 1 0 0 1 0 0 2
EndChar
