StartChar: zero.alt
Encoding: 58420 58420 1728
Width: 573
VWidth: 1159
UnlinkRmOvrlpSave: 1
Flags: W
HStem: -12 82<220.302 367.309> 431 77<209.556 352.22>
VStem: 51 85<162.78 347.8> 440 82<155.702 338.788>
LayerCount: 2
Fore
Refer: 1970 58113 N 0.225171 0.273154 -0.723398 0.596323 176.415 113.423 2
Refer: 63 48 N 1 0 0 1 0 0 2
EndChar
