StartChar: zerothirds.afrcalt
Encoding: 58450 58450 2281
Width: 533
UnlinkRmOvrlpSave: 1
Flags: HW
HStem: -13 53<144 208.067> 110 50<205 225.096> 214 68<162.12 233.62> 314.875 54.25<34 428> 415.81 58.0342<192.981 292.622> 632.84 58.3115<177.774 277.266>
VStem: 89.54 73.6611<504.905 617.642> 234 84<170.709 238> 241 92<67.7374 117.528> 306.659 70.3408<488.272 603.813>
LayerCount: 2
Fore
Refer: 399 58112 N 0.177136 0.203772 -0.75471 0.656059 179.432 451.114 2
Refer: 2280 58446 N 1 0 0 1 0 0 2
EndChar
