StartChar: zero.denomalt
Encoding: 58427 58427 1735
Width: 344
VWidth: 1159
UnlinkRmOvrlpSave: 1
Flags: W
HStem: -89.5527 62.8281<142.299 243.649> 202.271 62.0498<129.552 229.612>
VStem: 25.4316 72.7295<22.474 171.01> 272.127 69.4727<3.41618 157.408>
LayerCount: 2
Fore
Refer: 1969 58112 S 0.197336 0.235176 -0.829881 0.696353 83.8321 -29.5878 2
Refer: 912 58398 N 1 0 0 1 0 0 2
EndChar
