StartChar: zero.tabulartextalt
Encoding: 58422 58422 1730
Width: 463
VWidth: 1159
UnlinkRmOvrlpSave: 1
Flags: W
HStem: -12 108<219.407 341.775> 410 98<197.332 316.688>
VStem: 31 114<179.344 351.311> 394 108<156.957 330.444>
LayerCount: 2
Fore
Refer: 1970 58113 N 0.225171 0.273154 -0.723398 0.596323 156.415 114.423 2
Refer: 672 58368 N 1 0 0 1 0 0 2
EndChar
