StartChar: zero.alt
Encoding: 58420 58420 1728
Width: 502
VWidth: 1159
UnlinkRmOvrlpSave: 1
Flags: W
HStem: -12 108<239.407 361.775> 410 98<217.332 336.688>
VStem: 51 114<179.344 351.311> 414 108<156.957 330.444>
LayerCount: 2
Fore
Refer: 1970 58113 N 0.225171 0.273154 -0.723398 0.596323 176.415 113.423 2
Refer: 63 48 N 1 0 0 1 0 0 2
EndChar
