StartChar: Aringacute
Encoding: 506 506 2538
Width: 724
UnlinkRmOvrlpSave: 1
Flags: HW
HStem: -10 37<482.198 523.465 647.751 697.047> 245 42<244 434.657> 672.972 38.3723<342.526 418.371> 692 20<355 402.5> 804.246 38.3722<344.629 419.208>
VStem: 295.014 39.124<719.978 794.53> 357 43<632.023 712> 428.862 39.1243<721.059 794.629>
DStem2: 103 80 161 87 0.391141 0.920331<-3.53261 211.909 245.659 524.174> 414 642 472 236 0.354654 -0.934998<388.302 400.179 571.058 597.203>
LayerCount: 2
Fore
Refer: 16 58080 N 0.990268 -0.139173 0.139173 0.990268 532.316 356.498 2
Refer: 2537 197 N 1 0 0 1 0 0 3
Position2: "cpsp-1" dx=0 dy=0 dh=50 dv=100
EndChar
