StartChar: Aringacute
Encoding: 506 506 708
Width: 705
VWidth: 0
UnlinkRmOvrlpSave: 1
Flags: HW
HStem: -10 37<475.198 516.465 640.751 690.047> 245 42<237 427.657> 672.972 38.3723<335.526 411.371> 692 20<348 395.5> 804.246 38.3722<337.629 412.208>
VStem: 288.014 39.124<719.978 794.53> 350 43<632.023 712> 421.862 39.1243<721.059 794.629>
DStem2: 96 80 154 87 0.391141 0.920331<-3.53261 211.909 245.659 524.174> 407 642 465 236 0.354654 -0.934998<388.302 400.179 571.058 597.203>
LayerCount: 2
Fore
Refer: 470 58080 N 0.990268 -0.139173 0.139173 0.990268 525.316 356.498 2
Refer: 173 197 N 1 0 0 1 0 0 3
Position2: "cpsp-1" dx=0 dy=0 dh=50 dv=100
EndChar
