StartChar: SF270000
Encoding: 9564 9564 2821
Width: 926
VWidth: 0
Flags: HW
LayerCount: 2
Fore
Refer: 2731 9474 N 1 0 0 0.509524 -35 447.314 2
Refer: 2731 9474 N 1 0 0 0.509524 35 447.314 2
Refer: 2729 9472 S 0.550756 0 0 1 0 0 2
EndChar
