StartChar: SF530000
Encoding: 9579 9579 2836
Width: 926
Flags: HW
LayerCount: 2
Fore
Refer: 2810 9553 N 1 0 0 1 0 0 2
Refer: 2729 9472 N 0.475162 0 0 1 486 0 2
Refer: 2729 9472 N 0.475162 0 0 1 0 0 2
EndChar
