StartChar: SF360000
Encoding: 9566 9566 2823
Width: 1000
Flags: HW
LayerCount: 2
Fore
Refer: 2731 9474 N 1 0 0 1 0 0 2
Refer: 2729 9472 N 0.512959 0 0 1 451 35 2
Refer: 2729 9472 N 0.512959 0 0 1 451 -35 2
EndChar
