StartChar: SF190000
Encoding: 9569 9569 2826
Width: 926
Flags: HW
LayerCount: 2
Fore
Refer: 2729 9472 N 0.512959 0 0 1 0 -35 2
Refer: 2729 9472 N 0.512959 0 0 1 0 35 2
Refer: 2731 9474 N 1 0 0 1 0 0 2
EndChar
