StartChar: SF490000
Encoding: 9561 9561 2818
Width: 926
VWidth: 0
Flags: HW
LayerCount: 2
Fore
Refer: 2731 9474 S 1 0 0 0.509524 -35 447.314 2
Refer: 2731 9474 S 1 0 0 0.509524 35 447.314 2
Refer: 2729 9472 N 0.550756 0 0 1 416 0 2
EndChar
