StartChar: SF520000
Encoding: 9555 9555 2812
Width: 926
VWidth: 0
Flags: HW
LayerCount: 2
Fore
Refer: 2729 9472 S 0.550756 0 0 1 416 0 2
Refer: 2731 9474 N 1 0 0 0.509524 35 -170.686 2
Refer: 2731 9474 N 1 0 0 0.509524 -35 -170.686 2
EndChar
