StartChar: SF460000
Encoding: 9576 9576 2833
Width: 926
Flags: HW
LayerCount: 2
Fore
Refer: 2729 9472 N 1 0 0 1 0 0 2
Refer: 2731 9474 N 1 0 0 0.509524 35 447.314 2
Refer: 2731 9474 N 1 0 0 0.509524 -35 447.314 2
EndChar
