StartChar: SF390000
Encoding: 9556 9556 2813
Width: 926
Flags: HW
LayerCount: 2
Fore
Refer: 2729 9472 N 0.550756 0 0 1 416 35 2
Refer: 2729 9472 N 0.475162 0 0 1 486 -35 2
Refer: 2731 9474 N 1 0 0 0.537302 -35 -161.019 2
Refer: 2731 9474 N 1 0 0 0.481746 35 -180.352 2
EndChar
