StartChar: clickalveolar.smcp
Encoding: 57796 57796 2155
Width: 378
Flags: HW
HStem: 157 53.9999<60 318> 278 53.9999<60 318>
LayerCount: 2
Fore
Refer: 2153 57794 N 1 0 0 1 90 0 2
Refer: 1969 58114 N 0.258 0 0 1.17391 60 184 2
Refer: 1969 58114 N 0.258 0 0 1.17391 60 305 2
EndChar
