StartChar: germandbls.pcap
Encoding: 57403 57403 1656
Width: 828
Flags: HW
HStem: -6 31<155.965 266.748 569.965 680.748> 384 25<169.578 268.996 583.578 682.996>
VStem: 54 24<91.6994 119.458> 67 21<0 6.50534> 73 66<264.099 350.476> 292 66<45.8381 137.313> 325 24<293.377 332.982> 468 24<91.6994 119.458> 481 21<0 6.50534> 487 66<264.099 350.476> 706 66<45.8381 137.313> 739 24<293.377 332.982>
LayerCount: 2
Fore
Refer: 660 57365 N 1 0 0 1 414 0 2
Refer: 660 57365 N 1 0 0 1 0 0 2
EndChar
