StartChar: igrave.alt
Encoding: 58122 58122 1430
Width: 263
VWidth: 1159
Flags: HW
HStem: -7 33<33 87 184 254>
VStem: 97 71<57 330>
AnchorPoint: "Bottom" 127 -15 basechar 0
LayerCount: 2
Fore
Refer: 49 305 N 1 0 0 1 0 0 3
Refer: 93 768 S 0.984808 -0.173648 0.173648 0.984808 283.863 20.1933 2
EndChar
