StartChar: logicalnot
Encoding: 172 172 1209
Width: 463
VWidth: 0
UnlinkRmOvrlpSave: 1
Flags: HW
HStem: 190 53.9999<34 428>
LayerCount: 2
Fore
Refer: 1969 58114 S 0 -0.114 0.978261 0 405.5 231 2
Refer: 329 8722 N 0.972081 0 0 1 0.949239 0 2
Position2: "'case' vertical ajustments for all-caps-1" dx=0 dy=90 dh=0 dv=0
EndChar
