StartChar: male
Encoding: 9794 9794 1532
Width: 724
UnlinkRmOvrlpSave: 1
Flags: HW
HStem: -6.19043 45.9102<187.066 334.549> 409.24 41.9502<168.346 309.235>
VStem: 23.3037 72.2705<141.177 322.529> 404.454 71.2812<126.822 309.69>
LayerCount: 2
Fore
Refer: 1969 58114 N 0.255476 0.214369 -0.558946 0.666126 424.262 353.815 2
Refer: 1533 8963 N 0.615148 -0.733105 0.733105 0.615148 83.8533 275.244 2
Refer: 1529 9898 N 1 0 0 1 -0.480469 1 2
EndChar
