StartChar: similar
Encoding: 8764 8764 1519
Width: 463
VWidth: 0
Flags: HW
HStem: 175.798 58.0546<194.265 372.893> 202.104 58.0546<95.3073 274.25>
LayerCount: 2
Fore
Refer: 338 126 S 1.15856 0 0 1.18461 3.25301 -64.2148 2
EndChar
