StartChar: uni0289
Encoding: 649 649 2679
Width: 506
VWidth: 1159
Flags: W
HStem: -11 55<171 272> 338 31<291 350> 569.253 54.719<195.741 335.003>
VStem: 69 76<71 327> 132.321 28.081<511.167 524.611> 358 65<36 52 75 331> 369.598 28.08<511.167 527.475>
LayerCount: 2
Fore
Refer: 440 821 S 1.58389 0 0 0.90921 529.349 -274.383 2
Refer: 20 117 N 1 0 0 1 0 0 3
EndChar
