StartChar: uni0202
Encoding: 514 514 985
Width: 724
Flags: HW
HStem: -10 37<482.198 523.465 647.751 697.047> 245 42<244 434.657> 692 20<355 402.5> 803.253 54.719<305.741 445.003>
VStem: 242.321 28.081<745.167 758.611> 357 43<632.023 712> 479.598 28.08<745.167 761.475>
DStem2: 103 80 161 87 0.391141 0.920331<-3.53261 211.909 245.659 524.174> 414 642 472 236 0.354654 -0.934998<388.302 400.179 571.058 597.203>
LayerCount: 2
Fore
Refer: 1173 785 N 1 0 0 1 572.5 306 2
Refer: 2526 65 N 1 0 0 1 0 0 3
Position2: "cpsp-1" dx=0 dy=0 dh=50 dv=100
EndChar
