StartChar: uni024E
Encoding: 590 590 1104
Width: 755
Flags: HW
HStem: -11 42<253 326.923 462.301 551.814> 649 35.2148<218.294 273.95 487 489 670 672.328> 651 39<15.4737 85.3442 243.708 275.641 660.659 735> 758 53.9999<236 547>
VStem: 359 78<94.0509 324.999>
LayerCount: 2
Fore
Refer: 2702 58036 N 0.869123 0 0 0.916667 743.812 42.4167 2
Refer: 2718 89 N 1 0 0 1 0 0 3
EndChar
