StartChar: uni023E
Encoding: 574 574 1090
Width: 746
UnlinkRmOvrlpSave: 1
Flags: HW
HStem: -7 44<427.307 521> 634 51<102.399 322.89 422 638.844>
VStem: 320 97<51.3596 333.831>
LayerCount: 2
Fore
Refer: 781 58113 N 0.511902 0.819214 -0.901051 0.563039 124.092 -68.1662 2
Refer: 2676 84 N 1 0 0 1 0 0 2
EndChar
