StartChar: uni01E0
Encoding: 480 480 942
Width: 724
Flags: HW
HStem: -10 37<482.198 523.465 647.751 697.047> 245 42<244 434.657> 692 20<355 402.5> 749 108<333.142 422.858> 883.14 53.9999<222 533>
VStem: 323 110<758.993 847.046> 357 43<632.023 712>
DStem2: 103 80 161 87 0.391141 0.920331<-3.53261 211.909 245.659 524.174> 414 642 472 236 0.354654 -0.934998<388.302 400.179 571.058 597.203>
LayerCount: 2
Fore
Refer: 2526 65 N 1 0 0 1 0 0 3
Refer: 2562 58025 N 1 0 0 1 300 -2 2
Refer: 2623 58021 N 1 0 0 1 229 125.14 2
Position2: "cpsp-1" dx=0 dy=0 dh=50 dv=100
EndChar
