StartChar: uni01DE
Encoding: 478 478 938
Width: 724
Flags: HW
HStem: -10 37<482.198 523.465 647.751 697.047> 245 42<244 434.657> 689 98<239.22 320.78 431.22 512.78> 692 20<355 402.5> 815 53.9999<220 531>
VStem: 230 100<698.068 777.968> 357 43<632.023 712> 422 100<698.068 777.968>
DStem2: 103 80 161 87 0.391141 0.920331<-3.53261 211.909 245.659 524.174> 414 642 472 236 0.354654 -0.934998<388.302 400.179 571.058 597.203>
AnchorPoint: "Bottom" 363 -15 basechar 0
LayerCount: 2
Fore
Refer: 2526 65 N 1 0 0 1 0 0 3
Refer: 2693 58024 N 1 0 0 1 226 -67 2
Refer: 2623 58021 N 1 0 0 1 227 57 2
Position2: "cpsp-1" dx=0 dy=0 dh=50 dv=100
EndChar
