StartChar: uni05C5
Encoding: 1477 1477 2542
Width: 0
VWidth: 0
Flags: HW
HStem: -0.0384962 141.038<-518.113 -98.1389> 433 141<-457.18 -178.509>
VStem: -525.062 506.242<6.11042 135.78>
LayerCount: 2
Fore
Refer: 2541 1476 N 1 0 0 1 -70 -850 2
EndChar
