StartChar: uni024D
Encoding: 589 589 2670
Width: 358
VWidth: 1159
Flags: W
HStem: -5 32<30 59 177 273> 316 108<269 335> 490.951 225.517
VStem: 91 69<53 321> 129.389 169.822
LayerCount: 2
Fore
Refer: 440 821 S 0.892612 0 0 0.90921 306.993 -274.383 2
Refer: 17 114 N 1 0 0 1 0 0 3
EndChar
