StartChar: uni0226
Encoding: 550 550 1052
Width: 724
Flags: HW
HStem: -10 37<482.198 523.465 647.751 697.047> 245 42<244 434.657> 692 20<355 402.5> 751 108<331.142 420.858>
VStem: 321 110<760.993 849.046> 357 43<632.023 712>
DStem2: 103 80 161 87 0.391141 0.920331<-3.53261 211.909 245.659 524.174> 414 642 472 236 0.354654 -0.934998<388.302 400.179 571.058 597.203>
LayerCount: 2
Fore
Refer: 2562 58025 N 1 0 0 1 298 0 2
Refer: 2526 65 N 1 0 0 1 0 0 3
Position2: "cpsp-1" dx=0 dy=0 dh=50 dv=100
EndChar
