StartChar: uni023B
Encoding: 571 571 1087
Width: 743
UnlinkRmOvrlpSave: 1
Flags: HW
HStem: -9 42<340.099 546.906> 659 40<316.855 538.759>
VStem: 36 103<245.223 465.81> 626 33<522.188 588.436> 666 27<150.932 169.074>
LayerCount: 2
Fore
Refer: 781 58113 N 0.512153 0.819214 -0.901492 0.563039 216.423 -68.1662 2
Refer: 2546 67 N 1 0 0 1 0 0 2
EndChar
