StartChar: uni04F1
Encoding: 1265 1265 1288
Width: 446
Flags: HW
HStem: 365 30<9 37 170 185 277 339 410 444> 519 84<108.694 183.306 284.694 359.306>
VStem: 103 86<524.582 597.441> 279 86<524.582 597.441>
DStem2: 176 -32 383 308 0.447214 0.894427<-152.969 14.7689>
LayerCount: 2
Fore
Refer: 1165 776 N 1 0 0 1 431 76 2
Refer: 95 1091 N 1 0 0 1 0 0 3
EndChar
