StartChar: uni04D0
Encoding: 1232 1232 1384
Width: 705
VWidth: 0
Flags: HW
HStem: -10 37<475.198 516.465 640.751 690.047> 245 42<237 427.657> 692 20<348 395.5> 747 36<318.434 425.566>
VStem: 224 70<803.405 864.752> 350 43<632.023 712> 450 70<803.405 864.752>
DStem2: 96 80 154 87 0.391141 0.920331<-3.53261 211.909 245.659 524.174> 407 642 465 236 0.354654 -0.934998<388.302 400.179 571.058 597.203>
LayerCount: 2
Fore
Refer: 1374 58087 N 1 0 0 1 211 0 2
Refer: 1053 1040 N 1 0 0 1 0 0 3
EndChar
