StartChar: uni0246
Encoding: 582 582 1096
Width: 661
UnlinkRmOvrlpSave: 1
Flags: HW
HStem: -9 35<46 91.5829> 3.06988 37.3024<221.897 482.73> 333 36<195 463.393> 656 31<38 98.489>
VStem: 112 93<372.534 637.287> 116.788 78.2122<90.4624 333 369 602.188> 487 36<247.75 305.348 393.846 441.094> 528 30<536 617.59> 588 28<152.034 171.75>
LayerCount: 2
Fore
Refer: 781 58113 N 0.512153 0.819214 -0.901492 0.563039 78.4234 -68.1662 2
Refer: 2564 69 N 1 0 0 1 0 0 2
EndChar
