StartChar: uni024D
Encoding: 589 589 1103
Width: 358
Flags: HW
HStem: -5 32<30 59 177 273> 316 108<269 335> 490.951 225.517
VStem: 91 69<53 321> 129.389 169.822
LayerCount: 2
Fore
Refer: 1194 821 N 0.892612 0 0 0.90921 306.993 -274.383 2
Refer: 696 114 N 1 0 0 1 0 0 3
EndChar
