StartChar: uni1F0C
Encoding: 7948 7948 1846
Width: 724
Flags: HW
HStem: -10 37<482.198 523.465 647.751 697.047> 245 42<244 434.657> 518.048 23.76<10.1909 56.8395> 652.832 79.92<36.1125 81.0645> 692 20<355 402.5>
VStem: 89.0309 48.6<558.997 638.051> 357 43<632.023 712>
DStem2: 103 80 161 87 0.391141 0.920331<-3.53261 211.909 245.659 524.174> 414 642 472 236 0.354654 -0.934998<388.302 400.179 571.058 597.203>
AnchorPoint: "Top" 367 699 basechar 0
AnchorPoint: "Bottom" 353 -15 basechar 0
LayerCount: 2
Fore
Refer: 2065 8189 N 1.08329 0.191013 -0.191013 1.08329 129.276 -26.841 2
Refer: 2010 8127 N 1.08 0 0 1.08 -106.273 -15.472 2
Refer: 2533 913 N 1 0 0 1 0 0 3
EndChar
