StartChar: uni1EB2
Encoding: 7858 7858 1685
Width: 724
UnlinkRmOvrlpSave: 1
Flags: HW
HStem: -10 37<482.198 523.465 647.751 697.047> 245 42<244 434.657> 692 20<355 402.5> 884.798 31<360.734 396.112>
VStem: 297.5 61<852.116 883.505> 355.5 40<753.743 803.306> 357 43<632.023 712> 402.5 58<821.748 883.16>
DStem2: 103 80 161 87 0.391141 0.920331<-3.53261 211.909 245.659 524.174> 414 642 472 236 0.354654 -0.934998<388.302 400.179 571.058 597.203>
AnchorPoint: "Bottom" 363 -15 basechar 0
LayerCount: 2
Fore
Refer: 2526 65 N 1 0 0 1 0 0 2
Refer: 2545 58023 N 1 0 0 1 216 -75 2
Refer: 2594 58037 N 1 0 0 1 728.5 12.7979 2
Position2: "cpsp-1" dx=0 dy=0 dh=50 dv=100
EndChar
