StartChar: uni1F8F
Encoding: 8079 8079 1575
Width: 705
VWidth: 1159
Flags: HW
HStem: -295 44.4951<337.881 408.245> -10 37<475.198 516.465 640.751 690.047> 245 42<237 427.657> 516.048 23.76<167.998 214.647> 650.832 79.92<142.62 188.725> 692 20<348 395.5> 726.337 23.1<39.574 77.245> 739.985 66<171.037 264.363> 781.057 65.3906<91.194 184.501>
VStem: 39.574 273.107 87.2065 47.52<558.127 635.887> 296.95 65.9873<-249.952 -89.5438> 310.954 71.1582<-220.355 -87.5068> 350 43<632.023 712>
DStem2: 96 80 154 87 0.391141 0.920331<-3.53261 211.909 245.659 524.174> 407 642 465 236 0.354654 -0.934998<388.302 400.179 571.058 597.203>
LayerCount: 2
Fore
Refer: 961 890 N 1 0 0 1 291.422 0 2
Refer: 1471 7951 N 1 0 0 1 0 0 3
EndChar
