StartChar: uni1F0F
Encoding: 7951 7951 1849
Width: 724
Flags: HW
HStem: -10 37<482.198 523.465 647.751 697.047> 245 42<244 434.657> 516.048 23.76<174.998 221.647> 650.832 79.92<149.62 195.725> 692 20<355 402.5> 726.337 23.1<46.574 84.245> 739.985 66<178.037 271.363> 781.057 65.3906<98.194 191.501>
VStem: 46.574 273.107 94.2065 47.52<558.127 635.887> 357 43<632.023 712>
DStem2: 103 80 161 87 0.391141 0.920331<-3.53261 211.909 245.659 524.174> 414 642 472 236 0.354654 -0.934998<388.302 400.179 571.058 597.203>
AnchorPoint: "Top" 367 699 basechar 0
AnchorPoint: "Bottom" 353 -15 basechar 0
LayerCount: 2
Fore
Refer: 2066 8190 N 1.08 0 0 1.08 25.0865 -17.472 2
Refer: 799 771 N 1 0 0 1.1 391.5 262.527 2
Refer: 2533 913 N 1 0 0 1 0 0 3
EndChar
