StartChar: uni1E8F
Encoding: 7823 7823 633
Width: 446
Flags: HW
HStem: 365 30<9 37 170 185 277 339 410 444> 527 102<190.589 275.411>
VStem: 181 104<536.438 619.599>
DStem2: 176 -32 383 308 0.447214 0.894427<-152.969 14.7689>
LayerCount: 2
Fore
Refer: 48 775 N 1 0 0 1 431 76 2
Refer: 24 121 N 1 0 0 1 0 0 3
EndChar
