StartChar: uni1EB5.smcp
Encoding: 57955 57955 2314
Width: 530
VWidth: 1159
Flags: HW
HStem: -4.3 29.9<23.3 61.425 342.407 372.926> 170.1 29.6<189.749 321.807> 560.274 54.719<212.997 352.259>
VStem: 150.322 28.08<656.771 673.079> 263.2 34.6<439.075 504.1> 387.598 28.081<659.635 673.079>
AnchorPoint: "Bottom" 234 -15 basechar 0
LayerCount: 2
Fore
Refer: 2030 57671 S 1 0 0 1 0 0 3
Refer: 104 774 N 1 0 0 1 480.5 124 2
Refer: 99 771 N 0.994522 -0.104528 0.104528 0.994522 445.47 251.891 2
EndChar
