StartChar: uni1E95
Encoding: 7829 7829 1626
Width: 453
Flags: HW
HStem: -133 49<92 351> 0 31<137 361> 362 32<77 314>
DStem2: 314 360 137 31 0.646621 0.762811<-366.184 0>
LayerCount: 2
Fore
Refer: 1193 817 N 1 0 0 1 419 0 2
Refer: 2494 122 N 1 0 0 1 0 0 3
EndChar
