StartChar: uni1EF9
Encoding: 7929 7929 723
Width: 446
Flags: HW
HStem: 365 30<9 37 170 185 277 339 410 444> 504.645 21<97.574 135.245> 517.053 60<229.037 322.363> 554.391 59.446<149.194 242.501>
VStem: 97.574 273.107
DStem2: 176 -32 383 308 0.447214 0.894427<-152.969 14.7689>
LayerCount: 2
Fore
Refer: 99 771 N 1 0 0 1 442.5 83 2
Refer: 24 121 N 1 0 0 1 0 0 3
EndChar
