StartChar: uni1F6D
Encoding: 8045 8045 1580
Width: 875
Flags: HW
HStem: -10 21<225.117 229.904 782.863 787.642> 0.754883 75.3525<271.163 377.381 630.783 743.981> 512.048 224.532 657 49<389.08 577.066>
VStem: -3.204 128.304 181 93<334.929 517.115> 215 40<91.9703 196.875> 739 101<323.745 498.491> 760 43<92.199 191.651>
AnchorPoint: "Top" 508 699 basechar 0
AnchorPoint: "Bottom" 504 -7 basechar 0
LayerCount: 2
Back
Refer: 998 937 N 1 0 0 1 132 0 2
Refer: 91 769 N 1.08329 0.191013 -0.191013 1.08329 467.711 107.371 2
Refer: 693 788 N 1.1 0 0 1.1 317.378 29.9 2
Fore
Refer: 1617 8189 S 1.08329 0.191013 -0.191013 1.08329 98.2759 -26.841 2
Refer: 1615 8190 N 1.08 0 0 1.08 -96.9135 -17.472 2
Refer: 998 937 N 1 0 0 1 144 0 2
EndChar
