StartChar: uni1E89
Encoding: 7817 7817 627
Width: 657
Flags: HW
HStem: -173 102<250.589 335.411> 371 30<5 41 152 191 245 282 383 442 510 554>
VStem: 241 104<-163.562 -80.401>
DStem2: 208 109 254 128 0.453531 0.891241<1.73782 195.326> 447 95 321 271 0.269208 -0.963082<-202.488 0> 447 95 497 128 0.445318 0.895373<0.637142 266.408>
LayerCount: 2
Fore
Refer: 271 803 N 1 0 0 1 487 0 2
Refer: 22 119 N 1 0 0 1 0 0 3
EndChar
