StartChar: uni1EB4
Encoding: 7860 7860 1689
Width: 724
UnlinkRmOvrlpSave: 1
Flags: HW
HStem: -10 37<482.198 523.465 647.751 697.047> 245 42<244 434.657> 692 20<355 402.5>
VStem: 357 43<632.023 712>
DStem2: 103 80 161 87 0.391141 0.920331<-3.53261 211.909 245.659 524.174> 414 642 472 236 0.354654 -0.934998<388.302 400.179 571.058 597.203>
AnchorPoint: "Bottom" 363 -15 basechar 0
LayerCount: 2
Fore
Refer: 2683 58022 N 0.994522 -0.104528 0.104528 0.994522 140.077 70.7418 2
Refer: 2526 65 N 1 0 0 1 0 0 2
Refer: 2545 58023 N 1 0 0 1 216 -75 2
Position2: "cpsp-1" dx=0 dy=0 dh=50 dv=100
EndChar
