StartChar: uni1EB6
Encoding: 7862 7862 1693
Width: 724
Flags: HW
HStem: -176 108<314.142 403.858> -10 37<482.198 523.465 647.751 697.047> 245 42<244 434.657> 692 20<355 402.5>
VStem: 304 110<-166.007 -77.954> 357 43<632.023 712>
DStem2: 103 80 161 87 0.391141 0.920331<-3.53261 211.909 245.659 524.174> 414 642 472 236 0.354654 -0.934998<388.302 400.179 571.058 597.203>
LayerCount: 2
Fore
Refer: 2545 58023 N 1 0 0 1 212 0 2
Refer: 1649 7840 N 1 0 0 1 0 0 3
Position2: "cpsp-1" dx=0 dy=0 dh=50 dv=100
EndChar
