StartChar: uni1FB8
Encoding: 8120 8120 2003
Width: 724
Flags: HW
HStem: -10 37<482.198 523.465 647.751 697.047> 245 42<244 434.657> 692 20<355 402.5>
VStem: 357 43<632.023 712>
DStem2: 103 80 161 87 0.391141 0.920331<-3.53261 211.909 245.659 524.174> 414 642 472 236 0.354654 -0.934998<388.302 400.179 571.058 597.203>
LayerCount: 2
Fore
Refer: 2545 58023 N 1 0 0 1 212 0 2
Refer: 2533 913 N 1 0 0 1 0 0 3
EndChar
