StartChar: uni1EBF
Encoding: 7871 7871 1710
Width: 409
Flags: HW
HStem: 425 168 465.319 133.361
VStem: 53 185 91.22 252.561
AnchorPoint: "Bottom" 205 -15 basechar 0
LayerCount: 2
Fore
Refer: 296 101 N 1 0 0 1 0 0 2
Refer: 16 58080 N 0.745874 0.0958213 -0.313113 0.780289 625.65 243.825 2
Refer: 255 58081 N 1 0 0 1 415 15 2
EndChar
