StartChar: uni1EA2
Encoding: 7842 7842 1653
Width: 724
Flags: HW
HStem: -10 37<482.198 523.465 647.751 697.047> 245 42<244 434.657> 692 20<355 402.5> 872 31<359.234 394.612>
VStem: 296 61<839.318 870.707> 354 40<740.945 790.508> 357 43<632.023 712> 401 58<808.95 870.362>
DStem2: 103 80 161 87 0.391141 0.920331<-3.53261 211.909 245.659 524.174> 414 642 472 236 0.354654 -0.934998<388.302 400.179 571.058 597.203>
LayerCount: 2
Fore
Refer: 2594 58037 N 1 0 0 1 727 0 2
Refer: 2526 65 N 1 0 0 1 0 0 3
Position2: "cpsp-1" dx=0 dy=0 dh=50 dv=100
EndChar
