StartChar: uni1EA7.pcap
Encoding: 57624 57624 1905
Width: 472
Flags: HW
HStem: -7 25<34 58.0979 295 312.5> 138 30<175 275.575> 395 20<232.5 267> 465.319 133.361
VStem: 112.22 252.561 234 31<355.154 415>
LayerCount: 2
Fore
Refer: 93 768 N 0.782905 0.269867 0.00769009 0.706185 306.834 334.569 2
Refer: 642 57347 N 1 0 0 1 0 0 3
Refer: 470 58081 N 1 0 0 1 436 15 2
EndChar
