StartChar: uni1E7F
Encoding: 7807 7807 618
Width: 418
VWidth: 0
Flags: HW
HStem: -173 102<149.589 234.411> 371 30<6 43 144 203 270 316>
VStem: 140 104<-163.562 -80.401>
DStem2: 224 95 55 339 0.322551 -0.946552<-271.079 -13.8948> 224 95 273 128 0.393919 0.919145<1.32074 223.239>
LayerCount: 2
Fore
Refer: 272 803 N 1 0 0 1 386 0 2
Refer: 21 118 N 1 0 0 1 0 0 3
EndChar
