StartChar: uni1E99
Encoding: 7833 7833 1638
Width: 446
Flags: HW
HStem: 365 30<9 37 170 185 277 339 410 444> 495.265 31.606<198.055 266.776> 615.129 31.606<199.224 267.601>
VStem: 155.78 32.227<537.081 603.825> 277.993 32.227<538.175 604.808>
DStem2: 176 -32 383 308 0.447214 0.894427<-152.969 14.7689>
LayerCount: 2
Fore
Refer: 1166 778 N 1 0 0 1 431 70 2
Refer: 2480 121 N 1 0 0 1 0 0 3
EndChar
