StartChar: uni1F0E
Encoding: 7950 7950 1469
Width: 705
VWidth: 1159
Flags: HW
HStem: -10 37<475.198 516.465 640.751 690.047> 245 42<237 427.657> 518.048 23.76<122.19 168.839> 652.832 79.92<148.112 193.064> 692 20<348 395.5> 728.337 23.1<62.574 100.245> 741.985 66<194.037 287.363> 783.057 65.3906<114.194 207.501>
VStem: 62.574 273.107 201.03 48.6<558.997 638.051> 350 43<632.023 712>
DStem2: 96 80 154 87 0.391141 0.920331<-3.53261 211.909 245.659 524.174> 407 642 465 236 0.354654 -0.934998<388.302 400.179 571.058 597.203>
AnchorPoint: "Top" 367 699 basechar 0
AnchorPoint: "Bottom" 353 -15 basechar 0
LayerCount: 2
Fore
Refer: 1607 8127 S 1.08 0 0 1.08 5.72652 -15.472 2
Refer: 99 771 S 1 0 0 1.1 407.5 264.527 2
Refer: 975 913 N 1 0 0 1 0 0 3
EndChar
