StartChar: uni1E9C
Encoding: 7836 7836 739
Width: 357
VWidth: 1159
UnlinkRmOvrlpSave: 1
Flags: HW
HStem: -6 36<34 97.3708 215.17 284.568> 1 32<191.619 282.018> 356 25<46 67.3182> 701 55<273.459 377.117>
VStem: 113 72<42.1466 356 403 602.768>
LayerCount: 2
Fore
Refer: 320 823 S 0.765537 -0.608919 -0.131231 0.956953 379.407 -105.616 2
Refer: 444 383 N 1 0 0 1 0 0 3
EndChar
