StartChar: uni1EAA
Encoding: 7850 7850 1669
Width: 724
Flags: HW
HStem: -10 37<482.198 523.465 647.751 697.047> 245 42<244 434.657> 692 20<355 402.5> 802.001 20.1087<238.073 279.694> 813.882 57.4534<383.321 486.434> 849.635 56.9229<295.106 398.197>
VStem: 238.073 301.745 357 43<632.023 712>
DStem2: 103 80 161 87 0.391141 0.920331<-3.53261 211.909 245.659 524.174> 414 642 472 236 0.354654 -0.934998<388.302 400.179 571.058 597.203>
AnchorPoint: "Bottom" 363 -15 basechar 0
LayerCount: 2
Fore
Refer: 2683 58022 N 1 0 0 0.957557 223 91.8332 2
Refer: 2555 58020 N 1 0 0 1 237 -45 2
Refer: 2526 65 N 1 0 0 1 0 0 3
Position2: "cpsp-1" dx=0 dy=0 dh=50 dv=100
EndChar
