StartChar: uni1EBF.smcp
Encoding: 57960 57960 2320
Width: 513
VWidth: 1159
Flags: HW
HStem: -6.9 26.6<54.5053 87.6369> 0.651693 30.0568<198.488 359.31> 234.3 27.6<176.1 355.002> 466.3 22.6<49.2 88.5042> 545.319 133.361
VStem: 105.83 70.2702<44.7414 234.3 261.9 447.779> 139.22 252.561 377.1 26.9<168.958 211.838 285.441 317.391> 402.7 23<372.9 429.407> 448 21.7<118.932 133.306>
LayerCount: 2
Fore
Refer: 470 58081 S 1 0 0 1 463 95 2
Refer: 469 58080 S 0.745874 0.0958213 -0.313113 0.780289 673.65 323.825 2
Refer: 2035 57675 N 1 0 0 1 0 0 3
EndChar
