StartChar: uni1EA8
Encoding: 7848 7848 1665
Width: 724
Flags: HW
HStem: -10 37<482.198 523.465 647.751 697.047> 245 42<244 434.657> 692 20<355 402.5> 876.798 31<524.734 560.112>
VStem: 357 43<632.023 712> 461.5 61<844.116 875.505> 519.5 40<745.743 795.306> 566.5 58<813.748 875.16>
DStem2: 103 80 161 87 0.391141 0.920331<-3.53261 211.909 245.659 524.174> 414 642 472 236 0.354654 -0.934998<388.302 400.179 571.058 597.203>
AnchorPoint: "Bottom" 363 -15 basechar 0
LayerCount: 2
Fore
Refer: 2555 58020 N 1 0 0 1 237 -26 2
Refer: 2594 58037 N 1 0 0 1 892.5 4.79779 2
Refer: 2526 65 N 1 0 0 1 0 0 3
Position2: "cpsp-1" dx=0 dy=0 dh=50 dv=100
EndChar
