StartChar: uni1F0B
Encoding: 7947 7947 1465
Width: 717
VWidth: 1159
Flags: HW
HStem: -10 37<487.198 528.465 652.751 702.047> 245 42<249 439.657> 516.048 23.76<72.9979 119.647> 650.832 79.92<47.6198 93.7249> 692 20<360 407.5>
VStem: -7.7935 47.52<558.127 635.887> 362 43<632.023 712>
DStem2: 108 80 166 87 0.391141 0.920331<-3.53261 211.909 245.659 524.174> 419 642 477 236 0.354654 -0.934998<388.302 400.179 571.058 597.203>
AnchorPoint: "Bottom" 365 -15 basechar 0
AnchorPoint: "Top" 379 699 basechar 0
LayerCount: 2
Fore
Refer: 2385 8175 N 1.08329 -0.191013 0.191013 1.08329 -45.2958 97.955 2
Refer: 1614 8190 N 1.08 0 0 1.08 -76.9135 -17.472 2
Refer: 975 913 N 1 0 0 1 12 0 2
EndChar
