StartChar: uni1FDD
Encoding: 8157 8157 1611
Width: 278
VWidth: 1043
Flags: W
HStem: 494 22<63.8068 107> 618.8 74<40.3086 82.9985>
VStem: -11 44<532.962 604.962>
AnchorPoint: "Top" 143.501 464 mark 0
LayerCount: 2
Fore
Refer: 2385 8175 S 0.984808 -0.173648 0.173648 0.984808 -12.6018 86.4233 2
Refer: 1614 8190 N 1 0 0 1 -75 0 2
EndChar
