StartChar: uni1F0E
Encoding: 7950 7950 1848
Width: 724
Flags: HW
HStem: -10 37<482.198 523.465 647.751 697.047> 245 42<244 434.657> 518.048 23.76<129.19 175.839> 652.832 79.92<155.112 200.064> 692 20<355 402.5> 728.337 23.1<69.574 107.245> 741.985 66<201.037 294.363> 783.057 65.3906<121.194 214.501>
VStem: 69.574 273.107 208.03 48.6<558.997 638.051> 357 43<632.023 712>
DStem2: 103 80 161 87 0.391141 0.920331<-3.53261 211.909 245.659 524.174> 414 642 472 236 0.354654 -0.934998<388.302 400.179 571.058 597.203>
AnchorPoint: "Top" 367 699 basechar 0
AnchorPoint: "Bottom" 353 -15 basechar 0
LayerCount: 2
Fore
Refer: 2010 8127 N 1.08 0 0 1.08 12.7265 -15.472 2
Refer: 799 771 N 1 0 0 1.1 414.5 264.527 2
Refer: 2533 913 N 1 0 0 1 0 0 3
EndChar
