StartChar: uni1EAF
Encoding: 7855 7855 845
Width: 413
VWidth: 1159
Flags: HW
HStem: -15 43<75 181> 161 32<153 246> 364 52<128 220> 480.274 54.719<131.997 271.259>
VStem: 33 64<34 133> 69.322 28.08<576.771 593.079> 247 65<60 164 191 321> 306.598 28.081<579.635 593.079>
AnchorPoint: "Bottom" 193 -15 basechar 0
LayerCount: 2
Fore
Refer: 470 58080 N 0.745874 0.0958213 -0.313113 0.780289 528.65 235.825 2
Refer: 105 774 N 1 0 0 1 399.5 44 2
Refer: 0 97 N 1 0 0 1 0 0 2
EndChar
