StartChar: uni203B
Encoding: 8251 8251 1513
Width: 596
VWidth: 918
UnlinkRmOvrlpSave: 1
Flags: HW
HStem: -21 140<274.678 317.536> 180 140<74.678 117.536 475.678 518.536> 383 140<274.678 317.536>
VStem: 27 141<226.309 270.937> 227 141<25.3087 69.9365 429.309 473.937> 428 141<226.309 270.937>
LayerCount: 2
Fore
Refer: 1968 58113 N -0.353553 0.353553 -0.707107 -0.707107 472.777 72.2233 2
Refer: 1968 58113 N 0.353553 0.353553 -0.707107 0.707107 119.223 72.2233 2
Refer: 47 46 N 1 0 0 1 197 0 2
Refer: 47 46 N 1 0 0 1 398 201 2
Refer: 47 46 N 1 0 0 1 -3 201 2
Refer: 47 46 N 1 0 0 1 197 404 2
EndChar
