StartChar: uni2504
Encoding: 9476 9476 2733
Width: 926
VWidth: 0
Flags: HW
LayerCount: 2
Fore
Refer: 2729 9472 N 0.166846 0 0 1 694.25 0 2
Refer: 2729 9472 N 0.166846 0 0 1 386.25 0 2
Refer: 2729 9472 S 0.166846 0 0 1 77.25 0 2
EndChar
