StartChar: uni26A8
Encoding: 9896 9896 2376
Width: 499
VWidth: 950
Flags: HW
HStem: -6.19043 45.9102<187.066 334.55> 409.24 41.9502<168.346 309.235>
VStem: 23.3037 72.2705<141.177 322.529> 404.455 71.2812<126.822 309.69>
LayerCount: 2
Fore
Refer: 1969 58114 N -0.23 -2.75645e-008 -6.19865e-008 -0.869566 366.024 513.711 2
Refer: 1969 58114 S -2.75645e-008 0.323056 -0.869566 8.70656e-008 251.405 433.944 2
Refer: 1529 9898 N 1 0 0 1 -0.480469 1 2
Refer: 1533 8963 N 0.957 -3.86687e-007 4.22247e-007 0.876406 93.7745 166.112 2
EndChar
