StartChar: uni266F
Encoding: 9839 9839 1442
Width: 277
VWidth: 0
UnlinkRmOvrlpSave: 1
Flags: HW
LayerCount: 2
Fore
Refer: 1971 58115 N 0.207 0.0632863 0 1.54545 37 229.357 2
Refer: 1971 58115 N 0.207 0.0632863 0 1.54545 37 474.357 2
Refer: 1969 58113 N 0 -0.754 0.9375 0 90 748 2
Refer: 1969 58113 S 0 -0.754 0.9375 0 193 766 2
EndChar
