StartChar: uni26A6
Encoding: 9894 9894 2216
Width: 713
UnlinkRmOvrlpSave: 1
Flags: HW
HStem: -6.19043 45.9102<187.066 334.549> 409.24 41.9502<168.346 309.235>
VStem: 23.3037 72.2705<141.177 322.529> 404.454 71.2812<126.822 309.69>
LayerCount: 2
Fore
Refer: 534 58114 N -0.147841 0.17619 -0.666126 -0.558946 556.921 324.905 2
Refer: 534 58114 N 0.264285 0.221761 -0.558946 0.666126 419.857 359.119 2
Refer: 2220 9898 N 1 0 0 1 -0.480469 1 2
Refer: 2165 8963 N 0.615148 -0.733105 0.733105 0.615148 84.8538 281.244 2
EndChar
