StartChar: uni2244
Encoding: 8772 8772 1523
Width: 463
VWidth: 0
UnlinkRmOvrlpSave: 1
Flags: HW
HStem: 128 53.9999<34 428> 229.798 58.0546<194.265 372.893> 256.104 58.0546<95.3073 274.25>
LayerCount: 2
Fore
Refer: 1518 8771 N 1 0 0 1 0 0 2
Refer: 1969 58113 N 0.2155 0.373257 -0.920152 0.53125 123.75 30.3715 2
EndChar
