StartChar: uni26A8
Encoding: 9896 9896 2218
Width: 499
Flags: HW
HStem: -6.19043 45.9102<187.066 334.55> 409.24 41.9502<168.346 309.235>
VStem: 23.3037 72.2705<141.177 322.529> 404.455 71.2812<126.822 309.69>
LayerCount: 2
Fore
Refer: 534 58114 N -0.23 -2.75645e-08 -6.19865e-08 -0.869566 366.024 513.711 2
Refer: 534 58114 N -2.75645e-08 0.323056 -0.869566 8.70656e-08 251.405 433.944 2
Refer: 2220 9898 N 1 0 0 1 -0.480469 1 2
Refer: 2165 8963 N 0.957 -3.86687e-07 4.22247e-07 0.876406 93.7745 166.112 2
EndChar
