StartChar: uni266E
Encoding: 9838 9838 1442
Width: 268
VWidth: 0
UnlinkRmOvrlpSave: 1
Flags: HW
LayerCount: 2
Fore
Refer: 1970 58115 N 0.169566 0.0541143 0 1.54545 47.717 477.943 2
Refer: 1970 58115 N 0.169566 0.0541143 0 1.54545 47.717 232.943 2
Refer: 1968 58113 N 0 -0.55 0.9375 0 206 540 2
Refer: 1968 58113 N 0 -0.547 0.9375 0 59 770 2
EndChar
