StartChar: uni2507
Encoding: 9479 9479 2736
Width: 926
VWidth: 0
Flags: HW
LayerCount: 2
Fore
Refer: 2732 9475 N 1 0 0 0.166667 0 655 2
Refer: 2732 9475 N 1 0 0 0.166667 0 235 2
Refer: 2732 9475 S 1 0 0 0.166667 0 -185 2
EndChar
