StartChar: uni2517
Encoding: 9495 9495 2752
Width: 926
VWidth: 0
Flags: HW
LayerCount: 2
Fore
Refer: 2850 9593 N 1 0 0 1 0 0 2
Refer: 2851 9594 N 0.999999 0 0 1 4.53629e-05 0 2
EndChar
