StartChar: uni26A9
Encoding: 9897 9897 2219
Width: 827
Flags: HW
HStem: -6.19043 45.9102<187.066 334.55> 409.24 41.9502<168.346 309.235>
VStem: 23.3037 72.2705<141.177 322.529> 404.455 71.2812<126.822 309.69>
LayerCount: 2
Fore
Refer: 534 58114 N -2.75645e-08 0.23 -0.869566 6.19865e-08 542.333 119.756 2
Refer: 534 58114 N 0.320434 2.75645e-08 8.63589e-08 0.869566 463.566 234.377 2
Refer: 2220 9898 N 1 0 0 1 -0.480469 1 2
Refer: 2165 8963 N -3.60999e-07 -0.87 0.818184 -3.83861e-07 229.09 377.694 2
EndChar
