StartChar: uni26A7
Encoding: 9895 9895 1542
Width: 924
VWidth: 950
UnlinkRmOvrlpSave: 1
Flags: HW
HStem: -119.973 37.9727<319.546 599.064> -8.4004 48.1006<397.314 539.179> 362.9 44.5<381.089 522.388 381.609 522.908>
VStem: 253.35 65.7002<125.333 295.786> 438 45<-200.703 10> 599.85 64.8008<108.678 278.972>
LayerCount: 2
Fore
Refer: 1969 58114 N -0.147841 -0.17619 0.666126 -0.558946 301.921 489.095 2
Refer: 1969 58114 N -0.264285 0.221761 -0.558946 -0.666126 287.143 351.119 2
Refer: 1533 8963 N 0.615149 0.733105 -0.733105 0.615149 423.672 31.8395 2
Refer: 1539 9893 N 1 0 0 1 209 0 2
EndChar
