StartChar: uni205C
Encoding: 8284 8284 2374
Width: 596
VWidth: 918
Flags: HW
HStem: 37.8867 140<418.693 461.551> 38.5938 140<135.143 178.001> 322.144 140<418.693 461.551> 323.558 140<133.022 175.88>
VStem: 85.3439 141<369.867 414.495> 87.4654 141<84.9025 129.53> 371.015 141<84.1954 128.823 368.453 413.081>
LayerCount: 2
Fore
Refer: 1969 58113 N -0.574999 3.92481e-017 -9.02707e-017 -1 585.5 248.172 2
Refer: 1969 58113 S 3.92481e-017 0.574999 -1 9.02707e-017 298 -39.3286 2
Refer: 47 46 N 1 0 0 1 341.015 58.8867 2
Refer: 47 46 N 1 0 0 1 341.015 343.144 2
Refer: 47 46 N 1 0 0 1 57.4654 59.5938 2
Refer: 47 46 N 1 0 0 1 55.3439 344.558 2
EndChar
