StartChar: uni250B
Encoding: 9483 9483 2740
Width: 926
VWidth: 0
Flags: HW
LayerCount: 2
Fore
Refer: 2732 9475 N 1 0 0 0.124603 0 719.362 2
Refer: 2732 9475 N 1 0 0 0.124603 0 404.362 2
Refer: 2732 9475 N 1 0 0 0.124603 0 89.3619 2
Refer: 2732 9475 N 1 0 0 0.124603 0 -225.638 2
EndChar
