StartChar: uniE465
Encoding: 58469 58469 2405
Width: 712
VWidth: 1159
Flags: HW
HStem: -295 44.4951<337.881 408.245> -10 37<482.198 523.465 647.751 697.047> 245 42<244 434.657> 516.048 23.76<83.9979 130.647> 650.832 79.92<58.6198 104.725> 692 20<355 402.5>
VStem: 3.2065 47.52<558.127 635.887> 296.95 65.9873<-249.952 -89.5438> 310.954 71.1582<-220.355 -87.5068> 357 43<632.023 712>
DStem2: 103 80 161 87 0.391141 0.920331<-3.53261 211.909 245.659 524.174> 414 642 472 236 0.354654 -0.934998<388.302 400.179 571.058 597.203>
LayerCount: 2
Fore
Refer: 960 890 N 1 0 0 1 291.422 0 2
Refer: 1468 7949 N 1 0 0 1 0 0 3
EndChar
