StartChar: uniE2F8
Encoding: 58104 58104 2700
Width: 472
VWidth: 1159
Flags: HW
HStem: -7 25<34 58.0979 295 312.5> 138 30<175 275.575> 395 20<232.5 267> 465.319 133.361
VStem: 112.22 252.561 234 31<355.154 415>
AnchorPoint: "Top" 242 465 mark 0
LayerCount: 2
Fore
Refer: 93 768 N 0.782905 0.269867 0.00769009 0.706185 306.834 334.569 2
Refer: 470 58081 N 1 0 0 1 436 15 2
EndChar
