StartChar: uniE463
Encoding: 58467 58467 2402
Width: 717
VWidth: 1159
Flags: HW
HStem: -295 44.4951<337.881 408.245> -10 37<487.198 528.465 652.751 702.047> 245 42<249 439.657> 516.048 23.76<72.9979 119.647> 650.832 79.92<47.6198 93.7249> 692 20<360 407.5>
VStem: -7.7935 47.52<558.127 635.887> 296.95 65.9873<-249.952 -89.5438> 310.954 71.1582<-220.355 -87.5068> 362 43<632.023 712>
DStem2: 108 80 166 87 0.391141 0.920331<-3.53261 211.909 245.659 524.174> 419 642 477 236 0.354654 -0.934998<388.302 400.179 571.058 597.203>
LayerCount: 2
Fore
Refer: 960 890 N 1 0 0 1 291.422 0 2
Refer: 1465 7947 N 1 0 0 1 0 0 3
EndChar
