StartChar: uniE482
Encoding: 58498 58498 2375
Width: 724
Flags: HW
HStem: -295 44.4951<344.881 415.245> -10 37<482.198 523.465 647.751 697.047> 245 42<244 434.657> 516.048 23.76<174.998 221.647> 650.832 79.92<149.62 195.725> 692 20<355 402.5> 726.337 23.1<46.574 84.245> 739.985 66<178.037 271.363> 781.057 65.3906<98.194 191.501>
VStem: 46.574 273.107 94.2065 47.52<558.127 635.887> 303.95 65.9873<-249.952 -89.5438> 317.954 71.1582<-220.355 -87.5068> 357 43<632.023 712>
DStem2: 103 80 161 87 0.391141 0.920331<-3.53261 211.909 245.659 524.174> 414 642 472 236 0.354654 -0.934998<388.302 400.179 571.058 597.203>
LayerCount: 2
Fore
Refer: 2009 8126 N 1 0 0 1 715 -1 2
Refer: 1849 7951 N 1 0 0 1 0 0 2
EndChar
