StartChar: uniE2BC
Encoding: 58044 58044 2302
Width: 705
Flags: HW
HStem: -10 37<475.198 516.465 640.751 690.047> 245 42<237 427.657> 672.972 38.3723<335.526 411.371> 692 20<348 395.5> 804.246 38.3722<337.629 412.208>
VStem: 288.014 39.124<719.978 794.53> 350 43<632.023 712> 421.862 39.1243<721.059 794.629>
DStem2: 96 80 154 87 0.391141 0.920331<-3.53261 211.909 245.659 524.174> 407 642 465 236 0.354654 -0.934998<388.302 400.179 571.058 597.203>
AnchorPoint: "Top" 375 699 mark 0
LayerCount: 2
Fore
Refer: 2667 58026 N 1 0 0 1 235 -64 2
Refer: 16 58080 N 0.990268 -0.139173 0.139173 0.990268 525.316 356.498 2
EndChar
