StartChar: wdieresis
Encoding: 7813 7813 2472
Width: 657
Flags: HW
HStem: 371 30<5 41 152 191 245 282 383 442 510 554> 519 84<199.194 273.806 375.194 449.806>
VStem: 193.5 86<524.582 597.441> 369.5 86<524.582 597.441>
DStem2: 208 109 254 128 0.453531 0.891241<1.73782 195.326> 447 95 321 271 0.269208 -0.963082<-202.488 0> 447 95 497 128 0.445318 0.895373<0.637142 266.408>
LayerCount: 2
Fore
Refer: 1165 776 N 1 0 0 1 521.5 76 2
Refer: 2465 119 N 1 0 0 1 0 0 3
EndChar
