StartChar: zero.numeratoralt
Encoding: 58426 58426 1732
Width: 345
VWidth: 1159
UnlinkRmOvrlpSave: 1
Flags: HW
HStem: 260 28<154.77 236.217> 577 29<129.227 215.365>
VStem: 30 65<348.838 520.204> 267 69<340.181 525.995>
LayerCount: 2
Fore
Refer: 1967 58112 S 0.197336 0.235176 -0.829881 0.696353 83.8321 316.412 2
Refer: 921 58408 N 1 0 0 1 0 0 2
EndChar
