StartChar: zero.tabularliningalt
Encoding: 58423 58423 1731
Width: 463
VWidth: 1159
UnlinkRmOvrlpSave: 1
Flags: HW
HStem: -10 33<200.172 292.266> 620 36<165.683 267.028>
VStem: 35 73<175.959 491.558> 348 79<157.951 499.232>
LayerCount: 2
Fore
Refer: 1970 58113 N 0.300498 0.398774 -0.748721 0.564202 81.7514 127.613 2
Refer: 682 58378 N 1 0 0 1 0 0 2
EndChar
