StartChar: zero.denomalt
Encoding: 58427 58427 1734
Width: 344
VWidth: 1159
UnlinkRmOvrlpSave: 1
Flags: HW
HStem: -86 28<154.77 236.217> 231 29<129.227 215.365>
VStem: 30 65<2.83811 174.204> 267 69<-5.81921 179.995>
LayerCount: 2
Fore
Refer: 1968 58112 S 0.197336 0.235176 -0.829881 0.696353 83.8321 -29.5878 2
Refer: 911 58398 N 1 0 0 1 0 0 2
EndChar
