StartChar: zero.proportionalliningalt
Encoding: 58421 58421 1728
Width: 499
VWidth: 1159
UnlinkRmOvrlpSave: 1
Flags: HW
HStem: -10 33<219.172 311.266> 620 36<184.683 286.028>
VStem: 54 73<175.959 491.558> 367 79<157.951 499.232>
LayerCount: 2
Fore
Refer: 1969 58113 S 0.300498 0.398774 -0.748721 0.564202 99.7514 127.613 2
Refer: 900 58388 N 1 0 0 1 0 0 2
EndChar
