StartChar: aringacute.pcap
Encoding: 57501 57501 1812
Width: 425
Flags: HW
HStem: -7 25<34 58.0979 295 312.5> 138 30<175 275.575> 395 20G<232.5 267> 512.037 21.2695<207.427 272.471> 642.693 21.2695<208.529 273.573>
VStem: 163.049 21.6846<554.554 619.506> 234 31<355.154 415> 296.267 21.6846<556.494 620.339>
LayerCount: 2
Fore
Refer: 470 58080 N 0.745874 0.0958213 -0.313113 0.780289 569.65 282.825 2
Refer: 98 778 N 1 0 0 1 438.5 27 2
Refer: 643 57347 N 1 0 0 1 0 0 3
EndChar
