StartChar: uni0233
Encoding: 563 563 1064
Width: 441
Flags: HW
HStem: 365 30<9 37 170 185 277 339 410 444> 519 49<104 363>
DStem2: 176 -32 383 308 0.447214 0.894427<-152.969 14.7689>
LayerCount: 2
Fore
Refer: 1109 772 N 1 0 0 1 431 72 2
Refer: 2316 121 N 1 0 0 1 0 0 3
EndChar
