StartChar: uni01DC.smcp
Encoding: 57809 57809 2170
Width: 600
VWidth: 807
Flags: W
HStem: -7.2 42.8<233.456 435.99> 460.3 29.5<39.3458 92.9757 192.847 248.559 553.726 606.162>
VStem: 99 76.5<89.2876 449.926> 498.1 43.1<92.0078 387.382>
LayerCount: 2
Fore
Refer: 2052 57691 N 1 0 0 1 0 0 3
Refer: 94 768 N 0.86012 0.45148 -0.351495 0.861865 664.508 385.031 2
Refer: 97 776 N 1 0 0 1 535.5 124 2
EndChar
