StartChar: uni023E
Encoding: 574 574 1770
Width: 744
UnlinkRmOvrlpSave: 1
Flags: HW
HStem: -7 44<419.307 513> 634 51<94.399 314.89 414 630.844>
VStem: 312 97<51.3596 333.831>
LayerCount: 2
Fore
Refer: 1969 58113 N 0.511902 0.819214 -0.901051 0.563039 116.092 -68.1662 2
Refer: 45 84 N 1 0 0 1 0 0 2
EndChar
