StartChar: uni01DC.pcap
Encoding: 57485 57485 1794
Width: 504
Flags: HW
HStem: -6 38<211.789 381.26> 379 25<50.16 92.7586 186.969 230.913 479.043 522.502>
VStem: 99 72<68.5834 324.974> 427 38<73.533 350.901>
LayerCount: 2
Fore
Refer: 97 776 N 1 0 0 1 493.5 51 2
Refer: 94 768 N 0.86012 0.45148 -0.351495 0.861865 622.508 312.031 2
Refer: 663 57367 N 1 0 0 1 0 0 3
EndChar
