StartChar: uni023A
Encoding: 570 570 1768
Width: 719
UnlinkRmOvrlpSave: 1
Flags: HW
HStem: -10 37<475.198 516.465 640.751 690.047> 245 42<237 427.657> 692 20<348 395.5>
VStem: 350 43<632.023 712>
DStem2: 96 80 154 87 0.391141 0.920331<-3.53261 211.909 245.659 524.174> 407 642 465 236 0.354654 -0.934998<388.302 400.179 571.058 597.203>
LayerCount: 2
Fore
Refer: 1970 58113 N 0.511902 0.819214 -0.901051 0.563039 108.092 -68.1662 2
Refer: 26 65 N 1 0 0 1 0 0 2
EndChar
