StartChar: uni1E31
Encoding: 7729 7729 555
Width: 475
Flags: HW
HStem: -6 33<17 67 297 341 441 484> 371 32<251 284 383 449>
VStem: 88 63<55 214 237 488>
DStem2: 215 255 161 220 0.728431 -0.685119<0 239.996>
LayerCount: 2
Back
Refer: 470 58080 N 1 0 0 1 347 290 2
Refer: 10 107 N 1 0 0 1 0 0 3
Fore
Refer: 470 58080 N 1 0 0 1 347 290 2
Refer: 10 107 N 1 0 0 1 0 0 3
EndChar
