StartChar: uni1EC1
Encoding: 7873 7873 1659
Width: 414
Flags: HW
HStem: 425 168 465.319 133.361
VStem: 53 185 91.22 252.561
AnchorPoint: "Bottom" 205 -15 basechar 0
LayerCount: 2
Fore
Refer: 413 768 N 0.782905 0.269867 0.00769009 0.706185 285.834 334.569 2
Refer: 252 58081 N 1 0 0 1 415 15 2
Refer: 293 101 N 1 0 0 1 0 0 2
EndChar
