StartChar: uni1F0D
Encoding: 7949 7949 1792
Width: 712
Flags: HW
HStem: -10 37<482.198 523.465 647.751 697.047> 245 42<244 434.657> 516.048 23.76<83.9979 130.647> 650.832 79.92<58.6198 104.725> 692 20<355 402.5>
VStem: 3.2065 47.52<558.127 635.887> 357 43<632.023 712>
DStem2: 103 80 161 87 0.391141 0.920331<-3.53261 211.909 245.659 524.174> 414 642 472 236 0.354654 -0.934998<388.302 400.179 571.058 597.203>
AnchorPoint: "Bottom" 370 -15 basechar 0
AnchorPoint: "Top" 384 699 basechar 0
LayerCount: 2
Fore
Refer: 2010 8189 N 1.08329 0.191013 -0.191013 1.08329 129.276 -26.841 2
Refer: 2011 8190 N 1.08 0 0 1.08 -65.9135 -17.472 2
Refer: 2369 913 N 1 0 0 1 7 0 2
EndChar
