StartChar: uni1EB5.smcp
Encoding: 57955 57955 2316
Width: 513
VWidth: 807
Flags: W
HStem: -4.3 29.9<23.3 61.425 342.407 372.926> 170.1 29.6<189.749 321.807> 627.983 33.7656<218.847 346.542>
VStem: 172.435 11.4004<698.652 705.381> 263.2 34.6<439.075 504.1>
AnchorPoint: "Bottom" 234 -15 basechar 0
LayerCount: 2
Fore
Refer: 2032 57671 S 1 0 0 1 0 0 3
Refer: 105 774 N 1 0 0 1 480.5 124 2
Refer: 100 771 N 0.994522 -0.104528 0.104528 0.994522 445.47 251.891 2
EndChar
