StartChar: uni1E4F.pcap
Encoding: 57580 57580 1945
Width: 505
Flags: HW
HStem: -5 37<240.993 370.228> 378 35<202.127 322.544>
VStem: 56 78<146.969 286.001> 428 84<111.049 270.5>
LayerCount: 2
Fore
Refer: 100 771 N 0.996195 -0.0871557 0.0871557 0.996195 448.96 28.6837 2
Refer: 97 776 N 1 0 0 1 491.896 174.154 2
Refer: 657 57361 N 1 0 0 1 0 0 3
EndChar
