StartChar: uni1FB9
Encoding: 8121 8121 1486
Width: 719
Flags: HW
HStem: -10 37<475.198 516.465 640.751 690.047> 245 42<237 427.657> 692 20<348 395.5> 758 53.9999<210 521>
VStem: 350 43<632.023 712>
DStem2: 96 80 154 87 0.391141 0.920331<-3.53261 211.909 245.659 524.174> 407 642 465 236 0.354654 -0.934998<388.302 400.179 571.058 597.203>
LayerCount: 2
Fore
Refer: 160 58021 N 1 0 0 1 217 0 2
Refer: 976 913 N 1 0 0 1 0 0 3
EndChar
