StartChar: uni1E51.pcap
Encoding: 57581 57581 1442
Width: 505
Flags: HW
HStem: -5 37<240.993 370.228> 378 35<202.127 322.544> 556.326 38.3479<190.5 379.5>
VStem: 56 78<146.969 286.001> 428 84<111.049 270.5>
LayerCount: 2
Fore
Refer: 413 768 N 0.86012 0.45148 -0.351495 0.861865 649.508 299.031 2
Refer: 1109 772 N 1 0 0 1 481.5 49 2
Refer: 567 57361 N 1 0 0 1 0 0 3
EndChar
