StartChar: uni1EA8
Encoding: 7848 7848 1610
Width: 719
Flags: HW
HStem: -10 37<475.198 516.465 640.751 690.047> 245 42<237 427.657> 692 20<348 395.5> 876.798 31<517.734 553.112>
VStem: 350 43<632.023 712> 454.5 61<844.116 875.505> 512.5 40<745.743 795.306> 559.5 58<813.748 875.16>
DStem2: 96 80 154 87 0.391141 0.920331<-3.53261 211.909 245.659 524.174> 407 642 465 236 0.354654 -0.934998<388.302 400.179 571.058 597.203>
AnchorPoint: "Bottom" 363 -15 basechar 0
LayerCount: 2
Fore
Refer: 2391 58020 N 1 0 0 1 230 -26 2
Refer: 2430 58037 N 1 0 0 1 885.5 4.79779 2
Refer: 2362 65 N 1 0 0 1 0 0 3
Position2: "cpsp-1" dx=0 dy=0 dh=50 dv=100
EndChar
