StartChar: uni1ED1.smcp
Encoding: 57969 57969 2330
Width: 591
VWidth: 807
Flags: W
HStem: -5.6 40.9<271.034 427.015> 461.7 39.2<230.39 375.856> 545.319 133.361
VStem: 52.1 82.5<180.762 335.941> 203.22 252.561 509.9 89.1<144.602 324.626>
LayerCount: 2
Fore
Refer: 471 58081 N 1 0 0 1 527 95 2
Refer: 470 58080 N 0.745874 0.0958213 -0.313113 0.780289 737.65 323.825 2
Refer: 2046 57685 S 1 0 0 1 0 0 3
EndChar
