StartChar: uni1E51.smcp
Encoding: 57905 57905 2265
Width: 591
Flags: HW
HStem: -5.6 40.9<271.034 427.015> 461.7 39.2<230.39 375.856> 629.326 38.3479<236.5 425.5>
VStem: 52.1 82.5<180.762 335.941> 509.9 89.1<144.602 324.626>
LayerCount: 2
Fore
Refer: 101 772 N 1 0 0 1 527.5 122 2
Refer: 94 768 N 0.86012 0.45148 -0.351495 0.861865 695.508 372.031 2
Refer: 2045 57685 N 1 0 0 1 0 0 3
EndChar
