StartChar: uni1EAA
Encoding: 7850 7850 831
Width: 719
VWidth: 1159
Flags: HW
HStem: -10 37<475.198 516.465 640.751 690.047> 245 42<237 427.657> 692 20<348 395.5> 802.001 20.1087<231.073 272.694> 813.882 57.4534<376.321 479.434> 849.635 56.9229<288.106 391.197>
VStem: 231.073 301.745 350 43<632.023 712>
DStem2: 96 80 154 87 0.391141 0.920331<-3.53261 211.909 245.659 524.174> 407 642 465 236 0.354654 -0.934998<388.302 400.179 571.058 597.203>
AnchorPoint: "Bottom" 363 -15 basechar 0
LayerCount: 2
Fore
Refer: 161 58022 N 1 0 0 0.957557 216 91.8332 2
Refer: 159 58020 N 1 0 0 1 230 -45 2
Refer: 26 65 N 1 0 0 1 0 0 3
Position2: "cpsp-1" dx=0 dy=0 dh=50 dv=100
EndChar
