StartChar: uni1EB1.pcap
Encoding: 57629 57629 1628
Width: 425
Flags: HW
HStem: -7 25<34 58.0979 295 312.5> 138 30<175 275.575> 395 20G<232.5 267> 547.983 33.7656<178.847 306.542>
VStem: 132.435 11.4004<618.652 625.381> 234 31<355.154 415>
AnchorPoint: "Bottom" 234 -15 basechar 0
LayerCount: 2
Fore
Refer: 413 768 N 0.782905 0.269867 0.00769009 0.706185 392.834 326.569 2
Refer: 1 57347 N 1 0 0 1 0 0 3
Refer: 1111 774 N 1 0 0 1 440.5 44 2
EndChar
