StartChar: uni1E15.pcap
Encoding: 57551 57551 1322
Width: 426
Flags: HW
HStem: -6 23<67.1739 93.9636> -0.384672 26.9515<195.945 319.04> 192 24<177 317.415> 385 19<63 93.1367> 556.326 38.3479<150.5 339.5>
VStem: 110.134 66.8664<38.1614 192 216 368.351> 339 23<135.174 172.751> 358 20<303 348.27> 397 19<105.592 116.842>
LayerCount: 2
Fore
Refer: 413 768 N 0.86012 0.45148 -0.351495 0.861865 609.508 299.031 2
Refer: 1109 772 N 1 0 0 1 441.5 49 2
Refer: 294 57351 N 1 0 0 1 0 0 3
EndChar
