StartChar: uni1E98
Encoding: 7832 7832 745
Width: 645
Flags: HW
HStem: 371 30<5 41 152 191 245 282 383 442 510 554> 495.265 31.606<288.555 357.276> 615.129 31.606<289.724 358.101>
VStem: 246.28 32.227<537.081 603.825> 368.493 32.227<538.175 604.808>
DStem2: 208 109 254 128 0.453531 0.891241<1.73782 195.326> 447 95 321 271 0.269208 -0.963082<-202.488 0> 447 95 497 128 0.445318 0.895373<0.637142 266.408>
LayerCount: 2
Fore
Refer: 98 778 N 1 0 0 1 521.5 70 2
Refer: 22 119 N 1 0 0 1 0 0 3
EndChar
