StartChar: uni1FED
Encoding: 8173 8173 2031
Width: 295
Flags: HW
HStem: 506 84<1.6937 76.3063 209.694 284.306> 591.33 225.516
VStem: -4.651 169.82 -4 86<511.582 584.441> 204 86<511.582 584.441>
AnchorPoint: "Top" 143.5 465 mark 0
LayerCount: 2
Fore
Refer: 2387 8175 N 1 0 0 1 -30 161 2
Refer: 2358 57344 N 1 0 0 0.976744 39 548 2
Refer: 2358 57344 N 1 0 0 0.976744 247 548 2
EndChar
