StartChar: uni1EAF.pcap
Encoding: 57628 57628 1910
Width: 425
Flags: HW
HStem: -7 25<34 58.0979 295 312.5> 138 30<175 275.575> 395 20G<232.5 267> 547.983 33.7656<178.847 306.542>
VStem: 132.435 11.4004<618.652 625.381> 234 31<355.154 415>
LayerCount: 2
Fore
Refer: 470 58080 N 0.745874 0.0958213 -0.313113 0.780289 569.65 235.825 2
Refer: 105 774 N 1 0 0 1 440.5 44 2
Refer: 643 57347 N 1 0 0 1 0 0 3
EndChar
