StartChar: uni1E4F.smcp
Encoding: 57904 57904 2264
Width: 591
Flags: HW
HStem: -5.6 40.9<271.034 427.015> 461.7 39.2<230.39 375.856>
VStem: 52.1 82.5<180.762 335.941> 509.9 89.1<144.602 324.626>
LayerCount: 2
Fore
Refer: 97 776 N 1 0 0 1 538.896 251.154 2
Refer: 100 771 N 0.996195 -0.0871557 0.0871557 0.996195 495.96 105.684 2
Refer: 2045 57685 N 1 0 0 1 0 0 3
EndChar
