StartChar: uni1E7D
Encoding: 7805 7805 1529
Width: 405
Flags: HW
HStem: 371 30<6 43 144 203 270 316> 504.645 21<75.074 112.745> 517.053 60<206.537 299.863> 554.391 59.446<126.694 220.001>
VStem: 75.074 273.107
DStem2: 224 95 55 339 0.322551 -0.946552<-271.079 -13.8948> 224 95 273 128 0.393919 0.919145<1.32074 223.239>
LayerCount: 2
Fore
Refer: 796 771 N 1 0 0 1 420 83 2
Refer: 2298 118 N 1 0 0 1 0 0 3
EndChar
