StartChar: uni1EB5.pcap
Encoding: 57631 57631 2008
Width: 425
VWidth: 657
Flags: W
HStem: -7 25<34 58.0979 295 312.5> 138 30<175 275.575> 395 20G<232.5 267> 547.983 33.7656<178.847 306.542>
VStem: 132.435 11.4004<618.652 625.381> 234 31<355.154 415>
AnchorPoint: "Bottom" 234 -15 basechar 0
LayerCount: 2
Fore
Refer: 100 771 N 0.994522 -0.104528 0.104528 0.994522 405.47 171.891 2
Refer: 105 774 N 1 0 0 1 440.5 44 2
Refer: 643 57347 N 1 0 0 1 0 0 3
EndChar
