StartChar: uni1E93
Encoding: 7827 7827 640
Width: 441
VWidth: 0
Flags: HW
HStem: -173 102<182.589 267.411> 0 31<137 361> 362 32<77 314>
VStem: 173 104<-163.562 -80.401>
DStem2: 314 360 137 31 0.646621 0.762811<-366.184 0>
LayerCount: 2
Fore
Refer: 272 803 N 1 0 0 1 419 0 2
Refer: 25 122 N 1 0 0 1 0 0 3
EndChar
