StartChar: uni1ED2
Encoding: 7890 7890 836
Width: 793
VWidth: 0
Flags: HW
HStem: -7 50<342.523 545.448> 657 49<304.396 495.712>
VStem: 43 93<267.4 455.825> 701 101<222.803 442.21>
AnchorPoint: "Bottom" 416 -15 basechar 0
LayerCount: 2
Fore
Refer: 159 58020 N 1 0 0 1 286 -26 2
Refer: 96 58019 N 0.722277 0.0866812 0.0866812 0.857723 196.487 150.248 2
Refer: 40 79 N 1 0 0 1 0 0 2
Position2: "cpsp-1" dx=0 dy=0 dh=50 dv=100
EndChar
