StartChar: uni1EB5
Encoding: 7861 7861 1635
Width: 385
Flags: HW
HStem: -15 43<75 181> 161 32<153 246> 364 52<128 220> 480.274 54.719<131.997 271.259>
VStem: 33 64<34 133> 69.322 28.08<576.771 593.079> 247 65<60 164 191 321> 306.598 28.081<579.635 593.079>
AnchorPoint: "Bottom" 193 -15 basechar 0
LayerCount: 2
Fore
Refer: 0 97 N 1 0 0 1 0 0 2
Refer: 796 771 N 0.994522 -0.104528 0.104528 0.994522 364.47 171.891 2
Refer: 1111 774 N 1 0 0 1 399.5 44 2
EndChar
