StartChar: uni2152.alt
Encoding: 58447 58447 1736
Width: 938
UnlinkRmOvrlpSave: 1
Flags: HW
HStem: -86 28<759.77 841.217> -84 22<379 425.242 514.125 566> 231 29<734.227 820.365> 234 19<386 430.757> 243 20<528.979 562.7> 262 22<35 81.2419 170.125 222> 580 19<42 86.7566> 589 20<184.979 218.7>
VStem: 103 55<294.973 574.375> 447 55<-51.0271 228.375> 635 65<2.83811 174.204> 872 69<-5.81921 179.995>
LayerCount: 2
Fore
Refer: 1969 58112 N 0.197336 0.235176 -0.829881 0.696353 688.832 -29.5878 2
Refer: 937 8530 N 1 0 0 1 0 0 2
EndChar
