StartChar: uni2249
Encoding: 8777 8777 1522
Width: 463
UnlinkRmOvrlpSave: 1
Flags: HW
HStem: 105.798 58.0546<194.265 372.893> 132.104 58.0546<95.3073 274.25> 229.798 58.0546<194.265 372.893> 256.104 58.0546<95.3073 274.25>
LayerCount: 2
Fore
Refer: 1317 8776 N 1 0 0 1 0 0 2
Refer: 1970 58113 N 0.2155 0.373257 -0.920152 0.53125 123.75 30.3715 2
EndChar
