StartChar: uni2042
Encoding: 8258 8258 2038
Width: 770
Flags: HW
HStem: 270.785 21<488.829 519.829>
VStem: 538.329 79<-0.882629 82.7904>
LayerCount: 2
Fore
Refer: 209 42 N 0.5 -0.866025 0.866025 0.5 -359.626 44.5226 2
Refer: 209 42 N -1 0 0 -1 752.329 693.785 2
Refer: 209 42 N -0.994522 0.104528 -0.104528 -0.994522 623.599 998.568 2
EndChar
