StartChar: uniE462
Encoding: 58466 58466 2403
Width: 727
VWidth: 1159
Flags: HW
HStem: -295 44.4951<337.881 408.245> -10 37<497.198 538.465 662.751 712.047> 245 42<259 449.657> 518.048 23.76<9.19087 55.8395> 652.832 79.92<35.1125 80.0645> 692 20<370 417.5>
VStem: 88.0309 48.6<558.997 638.051> 296.95 65.9873<-249.952 -89.5438> 310.954 71.1582<-220.355 -87.5068> 372 43<632.023 712>
DStem2: 118 80 176 87 0.391141 0.920331<-3.53261 211.909 245.659 524.174> 429 642 487 236 0.354654 -0.934998<388.302 400.179 571.058 597.203>
LayerCount: 2
Fore
Refer: 961 890 N 1 0 0 1 291.422 0 2
Refer: 1466 7946 N 1 0 0 1 0 0 3
EndChar
