StartChar: wacute
Encoding: 7811 7811 2304
Width: 645
Flags: HW
HStem: 371 30<5 41 152 191 245 282 383 442 510 554> 482.951 225.517
VStem: 286.889 169.822
DStem2: 208 109 254 128 0.453531 0.891241<1.73782 195.326> 447 95 321 271 0.269208 -0.963082<-202.488 0> 447 95 497 128 0.445318 0.895373<0.637142 266.408>
LayerCount: 2
Fore
Refer: 15 769 N 1 0 0 1 521.5 55 2
Refer: 2301 119 N 1 0 0 1 0 0 3
EndChar
