StartChar: zero.alt
Encoding: 58420 58420 1728
Width: 502
UnlinkRmOvrlpSave: 1
Flags: HW
HStem: 1 33<203.15 319.348> 358 36<180.377 302.898>
VStem: 55 73<109.281 280.474> 368 79<105.768 284.433>
LayerCount: 2
Fore
Refer: 1970 58113 N 0.247688 0.300469 -0.723398 0.596323 115.156 41.7654 2
Refer: 63 48 N 1 0 0 1 0 0 2
EndChar
