StartChar: zerothirds.afrcalt
Encoding: 58450 58450 1739
Width: 463
VWidth: 1159
UnlinkRmOvrlpSave: 1
Flags: HW
HStem: -13 20<144 188.012> 120 19<170 199.373> 241 41<174.918 256.291> 328 28<34 428> 415.81 26.0342<203.856 283.939> 663.84 27.3115<181.099 265.645>
VStem: 89.54 63.6611<484.006 623.206> 261 57<177.363 234.584> 270 63<51.1954 113.294> 309.659 67.3408<478.536 627.163>
LayerCount: 2
Fore
Refer: 1969 58112 N 0.177136 0.203772 -0.75471 0.656059 144.432 451.114 2
Refer: 1425 58446 N 1 0 0 1 0 0 2
EndChar
