StartChar: SF500000
Encoding: 9560 9560 1440
Width: 926
VWidth: 0
Flags: HW
LayerCount: 2
Fore
Refer: 1469 9589 N 1 0 0 1.05452 0 -49.7196 2
Refer: 1352 9472 S 0.512959 0 0 1 451 -35 2
Refer: 1352 9472 S 0.512959 0 0 1 451 35 2
EndChar
