StartChar: SF210000
Encoding: 9558 9558 1438
Width: 926
VWidth: 0
Flags: HW
LayerCount: 2
Fore
Refer: 1352 9472 N 0.550756 0 0 1 0 0 2
Refer: 1354 9474 S 1 0 0 0.509524 35 -170.686 2
Refer: 1354 9474 S 1 0 0 0.509524 -35 -170.686 2
EndChar
