StartChar: SF530000
Encoding: 9579 9579 1459
Width: 926
VWidth: 0
Flags: HW
LayerCount: 2
Fore
Refer: 1433 9553 N 1 0 0 1 0 0 2
Refer: 1352 9472 S 0.475162 0 0 1 486 0 2
Refer: 1352 9472 S 0.475162 0 0 1 0 0 2
EndChar
