StartChar: SF230000
Encoding: 9571 9571 1451
Width: 926
VWidth: 0
Flags: HW
LayerCount: 2
Fore
Refer: 1354 9474 S 1 0 0 1 35 0 2
Refer: 1354 9474 N 1 0 0 0.481746 -35 472.648 2
Refer: 1352 9472 N 0.475162 0 0 1 5.10703e-15 35 2
Refer: 1352 9472 N 0.475162 0 0 1 0 -35 2
Refer: 1354 9474 N 1 0 0 0.481746 -35 -180.352 2
EndChar
