StartChar: uni023C
Encoding: 572 572 605
Width: 427
Flags: HW
HStem: -15 52<187 335> 357 60<171 310>
VStem: 36 71<119 282>
LayerCount: 2
Fore
Refer: 487 58113 N 0.266033 0.510192 -0.832446 0.432622 98.4837 -55.0962 2
Refer: 177 99 N 1 0 0 1 0 0 2
EndChar
