StartChar: uni023B
Encoding: 571 571 604
Width: 746
UnlinkRmOvrlpSave: 1
Flags: HW
HStem: -9 42<354.099 560.906> 659 40<330.855 552.759>
VStem: 50 103<245.223 465.81> 640 33<522.188 588.436> 680 27<150.932 169.074>
LayerCount: 2
Fore
Refer: 487 58113 N 0.512153 0.819214 -0.901492 0.563039 230.423 -68.1662 2
Refer: 1254 67 N 1 0 0 1 0 0 2
EndChar
