StartChar: uni1F0F
Encoding: 7951 7951 786
Width: 748
Flags: HW
HStem: -10 37<496.198 537.465 661.751 711.047> 245 42<258 448.657> 516.048 23.76<188.998 235.647> 650.832 79.92<163.62 209.725> 692 20<369 416.5> 726.337 23.1<60.574 98.245> 739.985 66<192.037 285.363> 781.057 65.3906<112.194 205.501>
VStem: 60.574 273.107 108.207 47.52<558.127 635.887> 371 43<632.023 712>
DStem2: 117 80 175 87 0.391141 0.920331<-3.53261 211.909 245.659 524.174> 428 642 486 236 0.354654 -0.934998<388.302 400.179 571.058 597.203>
AnchorPoint: "Top" 367 699 basechar 0
AnchorPoint: "Bottom" 353 -15 basechar 0
LayerCount: 2
Fore
Refer: 857 8190 N 1.08 0 0 1.08 39.0865 -17.472 2
Refer: 504 771 N 1 0 0 1.1 420.5 287.527 2
Refer: 1245 913 N 1 0 0 1 0 0 3
EndChar
