StartChar: uni1F0E
Encoding: 7950 7950 785
Width: 718
Flags: HW
HStem: -10 37<481.198 522.465 646.751 696.047> 245 42<243 433.657> 518.048 23.76<128.19 174.839> 652.832 79.92<154.112 199.064> 692 20<354 401.5> 728.337 23.1<68.574 106.245> 741.985 66<200.037 293.363> 783.057 65.3906<120.194 213.501>
VStem: 68.574 273.107 207.03 48.6<558.997 638.051> 356 43<632.023 712>
DStem2: 102 80 160 87 0.391141 0.920331<-3.53261 211.909 245.659 524.174> 413 642 471 236 0.354654 -0.934998<388.302 400.179 571.058 597.203>
AnchorPoint: "Top" 367 699 basechar 0
AnchorPoint: "Bottom" 353 -15 basechar 0
LayerCount: 2
Fore
Refer: 831 8127 N 1.08 0 0 1.08 11.7265 -15.472 2
Refer: 504 771 N 1 0 0 1.1 401.5 285.527 2
Refer: 1245 913 N 1 0 0 1 0 0 3
EndChar
