StartChar: uni1F0A
Encoding: 7946 7946 781
Width: 718
Flags: HW
HStem: -10 37<494.198 535.465 659.751 709.047> 245 42<256 446.657> 518.048 23.76<6.1909 52.8395> 652.832 79.92<32.1125 77.0645> 692 20<367 414.5>
VStem: 85.0309 48.6<558.997 638.051> 369 43<632.023 712>
DStem2: 115 80 173 87 0.391141 0.920331<-3.53261 211.909 245.659 524.174> 426 642 484 236 0.354654 -0.934998<388.302 400.179 571.058 597.203>
AnchorPoint: "Bottom" 375 -15 basechar 0
AnchorPoint: "Top" 389 699 basechar 0
LayerCount: 2
Fore
Refer: 851 8175 N 1.08329 -0.191013 0.191013 1.08329 -31.2958 112.955 2
Refer: 831 8127 N 1.08 0 0 1.08 -110.273 -15.472 2
Refer: 1245 913 N 1 0 0 1 22 0 2
EndChar
