StartChar: uni1F0D
Encoding: 7949 7949 784
Width: 718
Flags: HW
HStem: -10 37<488.198 529.465 653.751 703.047> 245 42<250 440.657> 516.048 23.76<89.9979 136.647> 650.832 79.92<64.6198 110.725> 692 20<361 408.5>
VStem: 9.2065 47.52<558.127 635.887> 363 43<632.023 712>
DStem2: 109 80 167 87 0.391141 0.920331<-3.53261 211.909 245.659 524.174> 420 642 478 236 0.354654 -0.934998<388.302 400.179 571.058 597.203>
AnchorPoint: "Bottom" 370 -15 basechar 0
AnchorPoint: "Top" 384 699 basechar 0
LayerCount: 2
Fore
Refer: 856 8189 N 1.08329 0.191013 -0.191013 1.08329 150.276 7.15895 2
Refer: 857 8190 N 1.01487 0.369382 -0.369382 1.01487 149.03 -40.8887 2
Refer: 1245 913 N 1 0 0 1 7 0 2
EndChar
