StartChar: uni1F0A
Encoding: 7946 7946 781
Width: 748
Flags: HW
HStem: -10 37<509.198 550.465 674.751 724.047> 245 42<271 461.657> 518.048 23.76<21.1909 67.8395> 652.832 79.92<47.1125 92.0645> 692 20<382 429.5>
VStem: 100.031 48.6<558.997 638.051> 384 43<632.023 712>
DStem2: 130 80 188 87 0.391141 0.920331<-3.53261 211.909 245.659 524.174> 441 642 499 236 0.354654 -0.934998<388.302 400.179 571.058 597.203>
AnchorPoint: "Bottom" 375 -15 basechar 0
AnchorPoint: "Top" 389 699 basechar 0
LayerCount: 2
Fore
Refer: 851 8175 N 1.08329 -0.191013 0.191013 1.08329 -16.2958 112.955 2
Refer: 831 8127 N 1.08 0 0 1.08 -95.273 -15.472 2
Refer: 1245 913 N 1 0 0 1 22 0 2
EndChar
