StartChar: uni254F
Encoding: 9551 9551 1431
Width: 926
VWidth: 0
Flags: HW
LayerCount: 2
Fore
Refer: 1355 9475 N 1 0 0 0.249206 0 526.724 2
Refer: 1355 9475 N 1 0 0 0.249206 0 -103.276 2
EndChar
