StartChar: uniE482
Encoding: 58498 58498 1137
Width: 748
Flags: HW
HStem: -295 44.4951<358.881 429.245> -10 37<496.198 537.465 661.751 711.047> 245 42<258 448.657> 516.048 23.76<188.998 235.647> 650.832 79.92<163.62 209.725> 692 20<369 416.5> 726.337 23.1<60.574 98.245> 739.985 66<192.037 285.363> 781.057 65.3906<112.194 205.501>
VStem: 60.574 273.107 108.207 47.52<558.127 635.887> 317.95 65.9873<-249.952 -89.5438> 331.954 71.1582<-220.355 -87.5068> 371 43<632.023 712>
DStem2: 117 80 175 87 0.391141 0.920331<-3.53261 211.909 245.659 524.174> 428 642 486 236 0.354654 -0.934998<388.302 400.179 571.058 597.203>
LayerCount: 2
Fore
Refer: 830 8126 N 1 0 0 1 729 -1 2
Refer: 786 7951 N 1 0 0 1 0 0 2
EndChar
