StartChar: uniE482
Encoding: 58498 58498 1137
Width: 718
Flags: HW
HStem: -295 44.4951<343.881 414.245> -10 37<481.198 522.465 646.751 696.047> 245 42<243 433.657> 516.048 23.76<173.998 220.647> 650.832 79.92<148.62 194.725> 692 20<354 401.5> 726.337 23.1<45.574 83.245> 739.985 66<177.037 270.363> 781.057 65.3906<97.194 190.501>
VStem: 45.574 273.107 93.2065 47.52<558.127 635.887> 302.95 65.9873<-249.952 -89.5438> 316.954 71.1582<-220.355 -87.5068> 356 43<632.023 712>
DStem2: 102 80 160 87 0.391141 0.920331<-3.53261 211.909 245.659 524.174> 413 642 471 236 0.354654 -0.934998<388.302 400.179 571.058 597.203>
LayerCount: 2
Fore
Refer: 830 8126 N 1 0 0 1 714 -1 2
Refer: 786 7951 N 1 0 0 1 0 0 2
EndChar
