StartChar: uniE480
Encoding: 58496 58496 1135
Width: 718
Flags: HW
HStem: -295 44.4951<343.881 414.245> -10 37<488.198 529.465 653.751 703.047> 245 42<250 440.657> 516.048 23.76<89.9979 136.647> 650.832 79.92<64.6198 110.725> 692 20<361 408.5>
VStem: 9.2065 47.52<558.127 635.887> 302.95 65.9873<-249.952 -89.5438> 316.954 71.1582<-220.355 -87.5068> 363 43<632.023 712>
DStem2: 109 80 167 87 0.391141 0.920331<-3.53261 211.909 245.659 524.174> 420 642 478 236 0.354654 -0.934998<388.302 400.179 571.058 597.203>
LayerCount: 2
Fore
Refer: 830 8126 N 1 0 0 1 721 -1 2
Refer: 784 7949 N 1 0 0 1 0 0 2
EndChar
