StartChar: uniE47D
Encoding: 58493 58493 1132
Width: 718
Flags: HW
HStem: -295 44.4951<334.881 405.245> -10 37<494.198 535.465 659.751 709.047> 245 42<256 446.657> 518.048 23.76<6.1909 52.8395> 652.832 79.92<32.1125 77.0645> 692 20<367 414.5>
VStem: 85.0309 48.6<558.997 638.051> 293.95 65.9873<-249.952 -89.5438> 307.954 71.1582<-220.355 -87.5068> 369 43<632.023 712>
DStem2: 115 80 173 87 0.391141 0.920331<-3.53261 211.909 245.659 524.174> 426 642 484 236 0.354654 -0.934998<388.302 400.179 571.058 597.203>
LayerCount: 2
Fore
Refer: 830 8126 N 1 0 0 1 727 -1 2
Refer: 781 7946 N 1 0 0 1 0 0 2
EndChar
