StartChar: uniE493
Encoding: 58515 58515 1154
Width: 718
Flags: HW
HStem: -295 44.4951<343.881 414.245> -10 37<481.198 522.465 646.751 696.047> 245 42<243 433.657> 692 20<354 401.5>
VStem: 302.95 65.9873<-249.952 -89.5438> 316.954 71.1582<-220.355 -87.5068> 356 43<632.023 712>
DStem2: 102 80 160 87 0.391141 0.920331<-3.53261 211.909 245.659 524.174> 413 642 471 236 0.354654 -0.934998<388.302 400.179 571.058 597.203>
LayerCount: 2
Fore
Refer: 830 8126 N 1 0 0 1 714 -1 2
Refer: 1245 913 N 1 0 0 1 0 0 2
EndChar
