StartChar: uniE493
Encoding: 58515 58515 1154
Width: 748
Flags: HW
HStem: -295 44.4951<358.881 429.245> -10 37<496.198 537.465 661.751 711.047> 245 42<258 448.657> 692 20<369 416.5>
VStem: 317.95 65.9873<-249.952 -89.5438> 331.954 71.1582<-220.355 -87.5068> 371 43<632.023 712>
DStem2: 117 80 175 87 0.391141 0.920331<-3.53261 211.909 245.659 524.174> 428 642 486 236 0.354654 -0.934998<388.302 400.179 571.058 597.203>
LayerCount: 2
Fore
Refer: 830 8126 N 1 0 0 1 729 -1 2
Refer: 1245 913 N 1 0 0 1 0 0 2
EndChar
