StartChar: uniE480
Encoding: 58496 58496 1135
Width: 748
Flags: HW
HStem: -295 44.4951<358.881 429.245> -10 37<503.198 544.465 668.751 718.047> 245 42<265 455.657> 516.048 23.76<104.998 151.647> 650.832 79.92<79.6198 125.725> 692 20<376 423.5>
VStem: 24.2065 47.52<558.127 635.887> 317.95 65.9873<-249.952 -89.5438> 331.954 71.1582<-220.355 -87.5068> 378 43<632.023 712>
DStem2: 124 80 182 87 0.391141 0.920331<-3.53261 211.909 245.659 524.174> 435 642 493 236 0.354654 -0.934998<388.302 400.179 571.058 597.203>
LayerCount: 2
Fore
Refer: 830 8126 N 1 0 0 1 736 -1 2
Refer: 784 7949 N 1 0 0 1 0 0 2
EndChar
