StartChar: afii57716
Encoding: 1520 1520 2540
Width: 511
VWidth: 0
Flags: W
HStem: -9.10751 21<193.123 215.391 435.123 457.391>
VStem: 22.925 213.91<445.551 527.04> 166.992 68.6429<-4.85382 273.208> 186 32.8204<124.355 400.567> 264.925 213.91<445.551 527.04> 408.992 68.6429<-4.85382 273.208> 428 32.8204<124.355 400.567>
LayerCount: 2
Fore
Refer: 2518 1493 N 1 0 0 1 244 0 2
Refer: 2518 1493 N 1 0 0 1 2 0 2
EndChar
