StartChar: afii57717
Encoding: 1521 1521 2541
Width: 517
VWidth: 0
Flags: W
HStem: -6.10751 21G<442.123 464.391>
VStem: 26 50<569.976 609.325> 170.188 70.0928<354.428 484.536> 271.925 213.91<448.551 530.04> 415.992 68.6429<-1.85382 276.208> 435 32.8204<127.355 403.567>
LayerCount: 2
Fore
Refer: 2518 1493 N 1 0 0 1 251 3 2
Refer: 2522 1497 N 1 0 0 1 -5 0 2
EndChar
