StartChar: aringacute
Encoding: 507 507 709
Width: 385
VWidth: 0
Flags: HW
HStem: -18 40<289 347.036> -17 32<66 170.18> 162 24<170.375 244.719> 376 32<142.099 224.5> 502.037 21.2695<168.427 233.471> 632.693 21.2695<169.529 234.573>
VStem: 32 58<23.793 131.62> 49 59<315.642 355.233> 124.049 21.6846<544.554 609.506> 243 63<56.5717 161.987 182.751 271.326> 250 61<145.38 335.214> 257.267 21.6846<546.494 610.339>
LayerCount: 2
Fore
Refer: 470 58080 N 0.848105 0.106228 -0.356029 0.86503 573.105 255.295 2
Refer: 98 778 N 1 0 0 1 399.5 17 2
Refer: 0 97 N 1 0 0 1 0 0 3
EndChar
