StartChar: lslash.smcp
Encoding: 57759 57759 2118
Width: 454
UnlinkRmOvrlpSave: 1
Flags: HW
HStem: -5.6 32.8<53.8 94.2768> 1.3 39.5<188.841 395.744> 461.6 30.5<195.578 254.397>
VStem: 101.8 79.5<45.2558 452.768> 445.1 26.6<100.136 124.7>
LayerCount: 2
Fore
Refer: 2040 57682 N 1 0 0 1 0 0 3
Refer: 321 823 N 0.709271 -0.575775 -0.121585 0.904865 367.942 -88.722 2
EndChar
