StartChar: onetenth.afrcalt
Encoding: 58449 58449 1738
Width: 463
UnlinkRmOvrlpSave: 1
Flags: HW
HStem: -2.19043 26.0342<23.7529 56.2815 128.484 164.225 290.831 355.368> 245.84 27.3115<29.6807 65.4788 273.765 340.708> 334.125 15.75<34 428> 416 20.0625<151.934 189.86 276.338 319.932> 670.525 18.2988<158.552 196.343> 677.6 18.3701<286.022 316.82>
VStem: 69.5566 53.8301<41.0586 250.07> 188 61.915<57.4384 208.442> 210.888 53.4014<445.301 666.154> 375.795 65.2051<55.9774 212.657>
LayerCount: 2
Fore
Refer: 1969 58112 N 0.158766 0.18264 -0.75471 0.656059 234.617 43.6801 2
Refer: 1424 58445 N 1 0 0 1 0 0 2
EndChar
