StartChar: uni023E
Encoding: 574 574 1771
Width: 744
VWidth: 1159
UnlinkRmOvrlpSave: 1
Flags: HW
HStem: -12 22<223.277 267.753> 657 38<429 632.242> 695 20G<63.5 76>
VStem: 333 90<37.5695 314.818>
LayerCount: 2
Fore
Refer: 1970 58113 N 0.511902 0.819214 -0.901051 0.563039 116.092 -68.1662 2
Refer: 45 84 N 1 0 0 1 0 0 2
EndChar
