StartChar: uni05AD
Encoding: 1453 1453 2486
Width: 0
VWidth: 0
Flags: W
HStem: -0.0384962 141.038<-518.113 -98.1389> 433 141<-457.18 -178.509>
VStem: -525.062 506.242<6.11042 135.78>
LayerCount: 2
Fore
Refer: 2463 1430 N 1 0 0 1 158 0 2
EndChar
