StartChar: uni0209.alt
Encoding: 58126 58126 1436
Width: 264
VWidth: 1159
Flags: HW
HStem: -7 33<15 69 166 236>
VStem: 79 71<57 330>
LayerCount: 2
Fore
Refer: 50 305 N 1 0 0 1 0 0 3
Refer: 104 783 S 0.984808 -0.173648 0.173648 0.984808 279.703 22.1297 2
EndChar
