StartChar: uni0247
Encoding: 583 583 2007
Width: 414
VWidth: 1159
UnlinkRmOvrlpSave: 1
Flags: HW
HStem: -7.35581 36.779<186.726 300.798> 395.112 21.0166<177.36 243.956>
VStem: 35.7282 64.1006<115.887 236.107 247.996 296.702>
LayerCount: 2
Fore
Refer: 1970 58113 N 0.266033 0.510192 -0.832446 0.432622 75.4837 -55.0962 2
Refer: 4 101 N 1 0 0 1 0 0 2
Validated: 5
EndChar
