StartChar: uni023C
Encoding: 572 572 2006
Width: 405
UnlinkRmOvrlpSave: 1
Flags: HW
HStem: -5 37<196.003 313.637> 374 47<173.241 297.231>
VStem: 32 61<136.013 275.84>
LayerCount: 2
Fore
Refer: 1970 58113 N 0.266033 0.510192 -0.832446 0.432622 96.4837 -55.0962 2
Refer: 2 99 N 1 0 0 1 0 0 2
EndChar
