StartChar: uni0211.alt
Encoding: 58127 58127 1437
Width: 351
Flags: HW
HStem: -6 12<28 52.1111> -5 23<155.453 263> 395 20G<286 308.5> 402 20G<130 147>
VStem: 87 64<18.0803 323.88>
LayerCount: 2
Fore
Refer: 104 783 N 0.984808 -0.173648 0.173648 0.984808 304.703 22.1297 2
Refer: 17 114 N 1 0 0 1 0 0 3
EndChar
