StartChar: uni023B
Encoding: 571 571 1767
Width: 666
UnlinkRmOvrlpSave: 1
Flags: HW
HStem: -12 26<345.649 498.05> 697 30<308.728 483.108>
VStem: 23 90<225.853 484.692> 600 20<550.9 621.644> 625 21<128.174 155>
LayerCount: 2
Fore
Refer: 1967 58113 N 0.512153 0.819214 -0.901492 0.563039 133.423 -68.1662 2
Refer: 28 67 N 1 0 0 1 0 0 2
EndChar
