StartChar: uni023A
Encoding: 570 570 1765
Width: 719
UnlinkRmOvrlpSave: 1
Flags: HW
HStem: -7 18<33 46.5502 203.436 236.667 487.333 524.463 679.953 704> 247 38<236 462>
LayerCount: 2
Fore
Refer: 1967 58113 N 0.511902 0.819214 -0.901051 0.563039 115.092 -68.1662 2
Refer: 26 65 N 1 0 0 1 0 0 2
EndChar
