StartChar: uni0246
Encoding: 582 582 1769
Width: 639
UnlinkRmOvrlpSave: 1
Flags: HW
HStem: -9 19<29.8947 69.7483> 0.0184778 25.0965<228.8 463.902> 346 28<193 384.216> 680.284 22.96<218.85 467.751> 690 14<41 73.102>
VStem: 117.19 75.8105<136.594 346 374 613.965> 498 16.3665<247.172 300.747 414.044 451.383> 535 19<563 640.939> 608 17<149.154 163.471>
LayerCount: 2
Fore
Refer: 1970 58113 N 0.512153 0.819214 -0.901492 0.563039 57.4234 -68.1662 2
Refer: 30 69 N 1 0 0 1 0 0 2
EndChar
