StartChar: uni1F5B
Encoding: 8027 8027 1565
Width: 948
Flags: W
HStem: -9 42<451 529.062 660.394 749.814> 516.048 23.76<69.9981 116.647> 626 76<312.233 421.515 782.65 892.052> 650.832 79.92<44.6202 90.7254>
VStem: -10.7935 47.52<558.127 635.887> 563.377 78.0224<63.5545 371.397>
AnchorPoint: "Top" 591.165 701 basechar 0
AnchorPoint: "Bottom" 603.165 -13 basechar 0
LayerCount: 2
Fore
Refer: 2387 8175 S 1.08329 -0.191013 0.191013 1.08329 -48.2958 97.955 2
Refer: 1616 8190 N 1.08 0 0 1.08 -79.9135 -17.472 2
Refer: 995 933 N 1 0 0 1 259 2 2
Validated: 1
EndChar
