StartChar: uni1EA7.smcp
Encoding: 57948 57948 2306
Width: 513
Flags: HW
HStem: -4.3 29.9<23.3 61.425 342.407 372.926> 170.1 29.6<189.749 321.807> 545.319 133.361
VStem: 152.22 252.561 263.2 34.6<439.075 504.1>
LayerCount: 2
Fore
Refer: 2029 57671 N 1 0 0 1 0 0 3
Refer: 471 58081 N 1 0 0 1 476 95 2
Refer: 94 768 N 0.782905 0.269867 0.00769009 0.706185 346.834 414.569 2
EndChar
