StartChar: uni1F1B
Encoding: 7963 7963 1475
Width: 885
Flags: HW
HStem: -9 19<295.895 335.748> 0.0184778 25.0965<494.8 729.902> 346 28<459 650.216> 516.048 23.76<69.9981 116.647> 650.832 79.92<44.6202 90.7254> 680.284 22.96<484.85 733.751> 690 14<307 339.102>
VStem: -10.7935 47.52<558.127 635.887> 383.19 75.8105<136.594 346 374 613.965> 764 16.3665<247.172 300.747 414.044 451.383> 801 19<563 640.939> 874 17<149.154 163.471>
LayerCount: 2
Fore
Refer: 2387 8175 N 1.08329 -0.191013 0.191013 1.08329 -48.2958 97.955 2
Refer: 1616 8190 N 1.08 0 0 1.08 -79.9135 -17.472 2
Refer: 980 917 N 1 0 0 1 266 0 2
EndChar
