StartChar: uni1FED
Encoding: 8173 8173 2031
Width: 295
Flags: HW
HStem: 515.767 64.4651<8.00114 69.9989 216.001 277.999> 655 159
VStem: -17 177 6 66<517.728 578.276> 214 66<517.728 578.276>
AnchorPoint: "Top" 143.5 465 mark 0
LayerCount: 2
Fore
Refer: 2387 8175 N 1 0 0 1 -30 161 2
Refer: 2358 57344 N 1 0 0 0.976744 39 548 2
Refer: 2358 57344 N 1 0 0 0.976744 247 548 2
EndChar
