StartChar: uni1F0B
Encoding: 7947 7947 1467
Width: 719
VWidth: 1159
Flags: HW
HStem: -7 18<42 55.5502 212.436 245.667 496.333 533.463 688.953 713> 247 38<245 471> 516.048 23.76<76.9981 123.647> 650.832 79.92<51.6202 97.7254>
VStem: -3.7935 47.52<558.127 635.887>
AnchorPoint: "Bottom" 365 -15 basechar 0
AnchorPoint: "Top" 379 699 basechar 0
LayerCount: 2
Fore
Refer: 2387 8175 N 1.08329 -0.191013 0.191013 1.08329 -41.2958 97.955 2
Refer: 1616 8190 N 1.08 0 0 1.08 -72.9135 -17.472 2
Refer: 976 913 N 1 0 0 1 12 0 2
EndChar
