StartChar: uni1F1C
Encoding: 7964 7964 1476
Width: 861
Flags: HW
HStem: -9 19<271.895 311.748> 0.0184778 25.0965<470.8 705.902> 346 28<435 626.216> 518.048 23.76<-20.809 25.8394> 652.832 79.92<5.11204 50.0649> 680.284 22.96<460.85 709.751> 690 14<283 315.102>
VStem: 58.031 48.6<558.997 638.051> 359.19 75.8105<136.594 346 374 613.965> 740 16.3665<247.172 300.747 414.044 451.383> 777 19<563 640.939> 850 17<149.154 163.471>
LayerCount: 2
Fore
Refer: 1618 8189 S 1.08329 0.191013 -0.191013 1.08329 98.2759 -26.841 2
Refer: 1608 8127 N 1.08 0 0 1.08 -137.273 -15.472 2
Refer: 980 917 N 1 0 0 1 242 0 2
EndChar
