StartChar: uni1F5F
Encoding: 8031 8031 1567
Width: 864
Flags: W
HStem: -9 42<367 445.062 576.394 665.814> 516.048 23.76<103.998 150.647> 626 76<228.233 337.515 698.65 808.052> 650.832 79.92<78.6202 124.725> 796.019 23.1G<-1.66699 17.7252> 805.193 49.1337<84.5874 193.876> 832.454 48.6256<34.5876 144.64>
VStem: -1.66699 227.589 23.2065 47.52<558.127 635.887> 479.377 78.0224<63.5545 371.397>
AnchorPoint: "Top" 507.165 701 basechar 0
AnchorPoint: "Bottom" 519.165 -13 basechar 0
LayerCount: 2
Fore
Refer: 1616 8190 N 1.08 0 0 1.08 -45.9135 -17.472 2
Refer: 100 771 N 1 0 0 1.1 320.5 262.527 2
Refer: 995 933 S 1 0 0 1 175 2 2
Validated: 1
EndChar
