StartChar: uni1F18
Encoding: 7960 7960 1472
Width: 784
Flags: HW
HStem: -9 19<194.895 234.748> 0.0184778 25.0965<393.8 628.902> 346 28<358 549.216> 518.048 23.76<-2.80904 43.8394> 652.832 79.92<23.112 68.0649> 680.284 22.96<383.85 632.751> 690 14<206 238.102>
VStem: 76.031 48.6<558.997 638.051> 282.19 75.8105<136.594 346 374 613.965> 663 16.3665<247.172 300.747 414.044 451.383> 700 19<563 640.939> 773 17<149.154 163.471>
LayerCount: 2
Fore
Refer: 1608 8127 S 1.08 0 0 1.08 -119.273 -15.472 2
Refer: 980 917 N 1 0 0 1 165 0 2
EndChar
