StartChar: uni1EC1.pcap
Encoding: 57637 57637 2011
Width: 426
Flags: HW
HStem: -6 23<67.1739 93.9636> -0.384672 26.9515<195.945 319.04> 192 24<177 317.415> 385 19<63 93.1367> 465.319 133.361
VStem: 110.134 66.8664<38.1614 192 216 368.351> 117.22 252.561 339 23<135.174 172.751> 358 20<303 348.27> 397 19<105.592 116.842>
LayerCount: 2
Fore
Refer: 94 768 N 0.782905 0.269867 0.00769009 0.706185 311.834 334.569 2
Refer: 647 57351 N 1 0 0 1 0 0 3
Refer: 471 58081 N 1 0 0 1 441 15 2
EndChar
