StartChar: uni1EA5
Encoding: 7845 7845 839
Width: 385
VWidth: 0
Flags: HW
HStem: -18 40<289 347.036> -17 32<66 170.18> 162 24<170.375 244.719> 376 32<142.099 224.5> 465.319 133.361
VStem: 32 58<23.793 131.62> 49 59<315.642 355.233> 75.22 252.561 243 63<56.5717 161.987 182.751 271.326> 250 61<145.38 335.214>
AnchorPoint: "Bottom" 193 -15 basechar 0
LayerCount: 2
Fore
Refer: 470 58080 S 0.745874 0.0958213 -0.313113 0.780289 609.65 243.825 2
Refer: 0 97 N 1 0 0 1 0 0 2
Refer: 471 58081 N 1 0 0 1 399 15 2
EndChar
