StartChar: uni1F1D
Encoding: 7965 7965 1477
Width: 861
Flags: HW
HStem: -9 19<271.895 311.748> 0.0184778 25.0965<470.8 705.902> 346 28<435 626.216> 516.048 23.76<52.9981 99.6465> 650.832 79.92<27.6202 73.7254> 680.284 22.96<460.85 709.751> 690 14<283 315.102>
VStem: -27.7935 47.52<558.127 635.887> 359.19 75.8105<136.594 346 374 613.965> 740 16.3665<247.172 300.747 414.044 451.383> 777 19<563 640.939> 850 17<149.154 163.471>
LayerCount: 2
Fore
Refer: 1618 8189 N 1.08329 0.191013 -0.191013 1.08329 98.2759 -26.841 2
Refer: 1616 8190 N 1.08 0 0 1.08 -96.9135 -17.472 2
Refer: 980 917 N 1 0 0 1 242 0 2
EndChar
