StartChar: uni1ED3.smcp
Encoding: 57970 57970 2328
Width: 591
Flags: HW
HStem: -5.6 40.9<271.034 427.015> 461.7 39.2<230.39 375.856> 545.319 133.361
VStem: 52.1 82.5<180.762 335.941> 203.22 252.561 509.9 89.1<144.602 324.626>
LayerCount: 2
Fore
Refer: 2043 57685 N 1 0 0 1 0 0 3
Refer: 471 58081 N 1 0 0 1 527 95 2
Refer: 94 768 N 0.782905 0.269867 0.00769009 0.706185 397.834 414.569 2
EndChar
