StartChar: uni1ED0
Encoding: 7888 7888 835
Width: 793
VWidth: 0
Flags: HW
HStem: -16 33<341.371 514.276> 685 33<297.104 456.595> 725.855 147.545
VStem: 23 82<266.508 463.741> 302.495 248.01 689 82<227.806 435.778>
AnchorPoint: "Bottom" 416 -15 basechar 0
LayerCount: 2
Fore
Refer: 159 58020 N 1 0 0 1 286 -26 2
Refer: 90 58018 N 0.722277 -0.0866812 -0.0866812 0.857723 551.585 162.269 2
Refer: 40 79 N 1 0 0 1 0 0 2
Position2: "cpsp-1" dx=0 dy=0 dh=50 dv=100
EndChar
