StartChar: uni1ED1.pcap
Encoding: 57645 57645 1913
Width: 505
Flags: HW
HStem: -5 37<240.993 370.228> 378 35<202.127 322.544> 465.319 133.361
VStem: 56 78<146.969 286.001> 160.22 252.561 428 84<111.049 270.5>
LayerCount: 2
Fore
Refer: 470 58080 N 0.745874 0.0958213 -0.313113 0.780289 694.65 243.825 2
Refer: 471 58081 N 1 0 0 1 484 15 2
Refer: 657 57361 N 1 0 0 1 0 0 3
EndChar
