StartChar: uni1F1A
Encoding: 7962 7962 1474
Width: 892
Flags: HW
HStem: -9 19<302.895 342.748> 0.0184778 25.0965<501.8 736.902> 346 28<466 657.216> 518.048 23.76<4.19096 50.8394> 652.832 79.92<30.112 75.0649> 680.284 22.96<491.85 740.751> 690 14<314 346.102>
VStem: 83.031 48.6<558.997 638.051> 390.19 75.8105<136.594 346 374 613.965> 771 16.3665<247.172 300.747 414.044 451.383> 808 19<563 640.939> 881 17<149.154 163.471>
LayerCount: 2
Fore
Refer: 2387 8175 N 1.08329 -0.191013 0.191013 1.08329 -40.2958 97.955 2
Refer: 1608 8127 N 1.08 0 0 1.08 -112.273 -15.472 2
Refer: 980 917 N 1 0 0 1 273 0 2
EndChar
