StartChar: uni1EC4
Encoding: 7876 7876 863
Width: 639
VWidth: 0
Flags: HW
HStem: -9 19<29.8947 69.7483> 0.0184778 25.0965<228.8 463.902> 346 28<193 384.216> 680.284 22.96<218.85 467.751> 690 14<41 73.102> 706.855 147.545 825.373 44.0476<285.564 402.339> 849.636 43.5171<222.026 339.191>
VStem: 117.19 75.8105<136.594 346 374 613.965> 173.694 271.867 175.495 248.01 498 16.3665<247.172 300.747 414.044 451.383> 535 19<563 640.939> 608 17<149.154 163.471>
AnchorPoint: "Bottom" 327 -15 basechar 0
LayerCount: 2
Fore
Refer: 159 58020 S 1 0 0 1 159 -45 2
Refer: 161 58022 S 1 0 0 0.957557 145 91.8332 2
Refer: 30 69 N 1 0 0 1 0 0 2
Position2: "cpsp-1" dx=0 dy=0 dh=50 dv=100
EndChar
