StartChar: uni2224
Encoding: 8740 8740 2457
Width: 268
VWidth: 1515
UnlinkRmOvrlpSave: 1
Flags: W
LayerCount: 2
Fore
Refer: 1970 58113 N 0.237974 0.137394 -0.53125 0.920152 14.5131 199.303 2
Refer: 1511 8739 N 1 0 0 1 55 0 2
Validated: 5
EndChar
