StartChar: uni2042
Encoding: 8258 8258 440
Width: 770
VWidth: 1159
Flags: W
HStem: 268.832 21G<480.85 511.912>
VStem: 541.329 75<0.841 69.589>
LayerCount: 2
Fore
Refer: 87 42 N 0.5 -0.866025 0.866025 0.5 -359.626 44.5226 2
Refer: 87 42 N -1 0 0 -1 752.329 693.785 2
Refer: 87 42 N -0.994522 0.104528 -0.104528 -0.994522 623.599 998.568 2
Validated: 1
EndChar
