StartChar: uni2226
Encoding: 8742 8742 2453
Width: 323
UnlinkRmOvrlpSave: 1
Flags: HW
LayerCount: 2
Fore
Refer: 1967 58113 N 0.29562 0.170676 -0.53125 0.920152 13.6902 182.662 2
Refer: 1509 8741 N 1 0 0 1 25 0 2
EndChar
