StartChar: uni203B
Encoding: 8251 8251 1515
Width: 596
UnlinkRmOvrlpSave: 1
Flags: HW
HStem: -17.5 133<280.816 313.483> 183.5 133<80.8157 113.483 481.816 514.483> 386.5 133<280.816 313.483>
VStem: 31.5254 133.95<231.447 265.879> 231.525 133.95<30.4466 64.8792 434.447 468.879> 432.525 133.95<231.447 265.879>
LayerCount: 2
Fore
Refer: 1970 58113 N -0.353553 0.353553 -0.707107 -0.707107 472.777 72.2233 2
Refer: 1970 58113 N 0.353553 0.353553 -0.707107 0.707107 119.223 72.2233 2
Refer: 48 46 N 1 0 0 1 197 0 2
Refer: 48 46 N 1 0 0 1 398 201 2
Refer: 48 46 N 1 0 0 1 -3 201 2
Refer: 48 46 N 1 0 0 1 197 404 2
EndChar
