StartChar: uni2244
Encoding: 8772 8772 1524
Width: 463
UnlinkRmOvrlpSave: 1
Flags: HW
HStem: 133.87 42.2608<34 428> 225.262 53.5191<237.08 368.618> 265.175 53.5191<100.98 229.519>
LayerCount: 2
Fore
Refer: 1519 8771 N 1 0 0 1 0 0 2
Refer: 1970 58113 N 0.2155 0.373257 -0.920152 0.53125 123.75 30.3715 2
EndChar
