StartChar: uni2249
Encoding: 8777 8777 1522
Width: 463
UnlinkRmOvrlpSave: 1
Flags: HW
HStem: 101.262 53.5191<237.08 368.618> 141.175 53.5191<100.98 229.519> 225.262 53.5191<237.08 368.618> 265.175 53.5191<100.98 229.519>
LayerCount: 2
Fore
Refer: 1317 8776 N 1 0 0 1 0 0 2
Refer: 1970 58113 N 0.2155 0.373257 -0.920152 0.53125 123.75 30.3715 2
EndChar
