StartChar: uni26A6
Encoding: 9894 9894 1542
Width: 699
UnlinkRmOvrlpSave: 1
Flags: HW
HStem: -7.4004 48.1006<187.834 329.699> 363.9 44.5<171.609 312.908>
VStem: 43.8691 65.7002<126.333 296.786> 390.37 64.8008<109.678 279.972>
LayerCount: 2
Back
Refer: 1968 58114 N -0.147841 0.17619 -0.666126 -0.558946 540.921 295.905 2
Refer: 1968 58114 N 0.17619 0.147841 -0.558946 0.666126 406.905 333.079 2
Refer: 1530 9898 N 1 0 0 1 -0.480469 -85 2
Refer: 1534 8963 N 0.559225 -0.666459 0.666459 0.559225 121.738 280.883 2
Fore
Refer: 1968 58114 N -0.147841 0.17619 -0.666126 -0.558946 540.921 295.905 2
Refer: 1968 58114 N 0.17619 0.147841 -0.558946 0.666126 406.905 333.079 2
Refer: 1530 9898 N 1 0 0 1 -0.480469 -85 2
Refer: 1534 8963 N 0.559225 -0.666459 0.666459 0.559225 121.738 280.883 2
EndChar
