StartChar: uni205C
Encoding: 8284 8284 2375
Width: 596
VWidth: 918
UnlinkRmOvrlpSave: 1
Flags: W
HStem: 41.3867 133<424.831 457.498> 42.0938 133<141.281 173.948> 325.644 133<424.831 457.498> 327.058 133<139.16 171.827>
VStem: 89.8693 133.95<375.005 409.437> 91.9908 133.95<90.0404 124.473> 375.54 133.95<89.3333 123.766 373.591 408.023>
LayerCount: 2
Fore
Refer: 1970 58113 N -0.574999 3.92481e-017 -9.02707e-017 -1 585.5 248.172 2
Refer: 1970 58113 N 3.92481e-017 0.574999 -1 9.02707e-017 298 -39.3286 2
Refer: 48 46 N 1 0 0 1 341.015 58.8867 2
Refer: 48 46 N 1 0 0 1 341.015 343.144 2
Refer: 48 46 N 1 0 0 1 57.4654 59.5938 2
Refer: 48 46 N 1 0 0 1 55.3439 344.558 2
Validated: 5
EndChar
