StartChar: uniE2C6
Encoding: 58054 58054 2602
Width: 719
VWidth: 1159
Flags: HW
HStem: -7 18<33 46.5502 203.436 236.667 487.333 524.463 679.953 704> 247 38<236 462> 725.855 147.545
VStem: 253.495 248.01
AnchorPoint: "Top" 377 671 mark 0
LayerCount: 2
Fore
Refer: 96 58019 N 0.866025 0.5 -0.5 0.866025 617.915 125.817 2
Refer: 159 58020 N 1 0 0 1 237 -56 2
EndChar
