StartChar: uniE2EE
Encoding: 58094 58094 2570
Width: 425
VWidth: 657
Flags: HW
HStem: -7 25<34 58.0979 295 312.5> 138 30<175 275.575> 395 20G<232.5 267> 512.037 21.2695<207.427 272.471> 642.693 21.2695<208.529 273.573>
VStem: 163.049 21.6846<554.554 619.506> 234 31<355.154 415> 296.267 21.6846<556.494 620.339>
AnchorPoint: "Top" 221.963 489 mark 0
LayerCount: 2
Fore
Refer: 470 58080 N 0.822881 0.115943 -0.34544 0.944141 619.326 147.912 2
Refer: 98 778 N 1 0 0 1 420.5 -56 2
EndChar
