StartChar: uniE48B
Encoding: 58507 58507 2444
Width: 697
VWidth: 0
Flags: W
HStem: -7 21G<153.117 157.904 710.863 715.642> 3.75488 75.3525<199.163 305.381 558.783 671.981> 518.048 23.76<-2.80904 43.8394> 652.832 79.92<23.112 68.0649> 660 49<317.08 505.066>
VStem: 76.031 48.6<558.997 638.051> 109 93<337.929 520.115> 143 40<94.9703 199.875> 667 101<326.745 501.491> 688 43<95.199 194.651>
LayerCount: 2
Fore
Refer: 1609 8126 N 1 0 0 1 784 2 2
Refer: 1576 8040 N 1 0 0 1 0 0 2
Validated: 1
EndChar
