StartChar: uniE489
Encoding: 58505 58505 2442
Width: 1030
VWidth: 0
Flags: HW
HStem: -7 22<205 258.722 783.238 829.154 971.033 1017> 344 35<367 863> 518.048 23.76<35.1905 81.8389> 652.832 79.92<61.1115 106.064> 688 20<208 263.478 450.975 456 965.941 1013> 695 18<780 816.508> 798.019 23.1G<-1.66699 17.7252> 807.193 49.1337<84.5874 193.876> 834.454 48.6256<34.5876 144.64>
VStem: -1.66699 227.589 114.03 48.6<558.997 638.051> 283 85<393.875 627.104> 859 86<30.0585 342 380 676.577>
LayerCount: 2
Fore
Refer: 1609 8126 N 1 0 0 1 1009 -3 2
Refer: 1484 7982 N 1 0 0 1 0 0 2
EndChar
