StartChar: uniE470
Encoding: 58480 58480 2414
Width: 797
Flags: HW
HStem: -287 44.4951<430.881 501.245> -7 21G<153.117 157.904 710.863 715.642> 3.75488 75.3525<199.163 305.381 558.783 671.981> 518.048 23.76<-2.80904 43.8394> 652.832 79.92<23.112 68.0649> 660 49<317.08 505.066>
VStem: 76.031 48.6<558.997 638.051> 109 93<337.929 520.115> 143 40<94.9703 199.875> 389.95 65.9873<-241.952 -81.5438> 403.954 71.1582<-212.355 -79.5068> 667 101<326.745 501.491> 688 43<95.199 194.651>
LayerCount: 2
Fore
Refer: 1575 8040 N 1 0 0 1 0 0 3
Refer: 961 890 N 1 0 0 1 384.422 8 2
EndChar
