StartChar: uniE48A
Encoding: 58506 58506 2443
Width: 1029
VWidth: 0
Flags: HW
HStem: -7 22<204 257.722 782.238 828.154 970.033 1016> 344 35<366 862> 516.048 23.76<103.998 150.647> 650.832 79.92<78.6202 124.725> 688 20<207 262.478 449.975 455 964.941 1012> 695 18<779 815.508> 796.019 23.1G<-1.66699 17.7252> 805.193 49.1337<84.5874 193.876> 832.454 48.6256<34.5876 144.64>
VStem: -1.66699 227.589 23.2065 47.52<558.127 635.887> 282 85<393.875 627.104> 858 86<30.0585 342 380 676.577>
LayerCount: 2
Fore
Refer: 1609 8126 N 1 0 0 1 1008 -3 2
Refer: 1485 7983 N 1 0 0 1 0 0 2
EndChar
