StartChar: uniE48F
Encoding: 58511 58511 2448
Width: 697
VWidth: 0
Flags: W
HStem: -10 21G<231.117 235.904 788.863 793.642> 0.754883 75.3525<277.163 383.381 636.783 749.981> 518.048 23.76<-20.809 25.8394> 652.832 79.92<5.11204 50.0649> 657 49<395.08 583.066>
VStem: 58.031 48.6<558.997 638.051> 187 93<334.929 517.115> 221 40<91.9703 196.875> 745 101<323.745 498.491> 766 43<92.199 191.651>
LayerCount: 2
Fore
Refer: 1609 8126 N 1 0 0 1 862 -1 2
Refer: 1580 8044 N 1 0 0 1 0 0 2
Validated: 1
EndChar
