StartChar: uniE2FC
Encoding: 58108 58108 2584
Width: 425
VWidth: 657
Flags: HW
HStem: -7 25<34 58.0979 295 312.5> 138 30<175 275.575> 395 20G<232.5 267> 547.983 33.7656<178.847 306.542>
VStem: 132.435 11.4004<618.652 625.381> 234 31<355.154 415>
AnchorPoint: "Top" 242.963 489 mark 0
LayerCount: 2
Fore
Refer: 472 58082 S 0.742774 -0.0991305 0.336709 0.795726 219.828 190.693 2
Refer: 105 774 N 1 0 0 1 440.5 6 2
EndChar
