StartChar: uniE2C2
Encoding: 58050 58050 2598
Width: 532
VWidth: 0
Flags: HW
HStem: -14 32<191.142 375.847> -5 21G<52 71.5> 683 21<223.309 353.769> 731.3 169.7
VStem: 52 19<-2 14.1074> 64 66<479.982 592.81> 305.5 127 439 70<90.2823 217.985> 476 14<539.966 567.52 688.109 697.5>
AnchorPoint: "Top" 295 671 mark 0
LayerCount: 2
Fore
Refer: 90 58018 N 0.969607 -0.244667 0.244667 0.969607 62.1868 28.9761 2
Refer: 164 58025 N 1 0 0 1 202.944 45.3291 2
EndChar
