StartChar: uniE491
Encoding: 58513 58513 2447
Width: 697
Flags: HW
HStem: -10 21G<186.117 190.904 743.863 748.642> 0.754883 75.3525<232.163 338.381 591.783 704.981> 518.048 23.76<35.1905 81.8389> 652.832 79.92<61.1115 106.064> 657 49<350.08 538.066> 798.019 23.1G<-1.66699 17.7252> 807.193 49.1337<84.5874 193.876> 834.454 48.6256<34.5876 144.64>
VStem: -1.66699 227.589 114.03 48.6<558.997 638.051> 142 93<334.929 517.115> 176 40<91.9703 196.875> 700 101<323.745 498.491> 721 43<92.199 191.651>
LayerCount: 2
Fore
Refer: 1608 8126 N 1 0 0 1 817 -1 2
Refer: 1581 8046 N 1 0 0 1 0 0 2
EndChar
