StartChar: uniE2BD
Encoding: 58045 58045 2593
Width: 793
VWidth: 1159
Flags: HW
HStem: -16 33<341.371 514.276> 685 33<297.104 456.595> 755.053 46<401.564 518.339> 780.392 45.446<338.026 455.191> 885.385 37.4299<315.953 556.253>
VStem: 23 82<266.508 463.741> 289.694 271.867 689 82<227.806 435.778>
AnchorPoint: "Top" 431 695 mark 0
LayerCount: 2
Fore
Refer: 161 58022 S 0.996729 -0.0808159 0.0808159 0.996729 193.517 1.68795 2
Refer: 160 58021 N 1 0 0 1 279.253 92.685 2
EndChar
