StartChar: uniE48D
Encoding: 58509 58509 2446
Width: 697
Flags: HW
HStem: -10 21G<294.117 298.904 851.863 856.642> 0.754883 75.3525<340.163 446.381 699.783 812.981> 518.048 23.76<4.19096 50.8394> 652.832 79.92<30.112 75.0649> 657 49<458.08 646.066>
VStem: 83.031 48.6<558.997 638.051> 250 93<334.929 517.115> 284 40<91.9703 196.875> 808 101<323.745 498.491> 829 43<92.199 191.651>
LayerCount: 2
Fore
Refer: 1609 8126 N 1 0 0 1 925 -1 2
Refer: 1578 8042 N 1 0 0 1 0 0 2
EndChar
