StartChar: uniE2F4
Encoding: 58100 58100 2576
Width: 382
VWidth: 657
Flags: HW
HStem: -6 31<155.965 266.748> 384 25<169.578 268.996>
VStem: 54 24<91.6994 119.458> 67 21<0 6.50534> 73 66<264.099 350.476> 292 66<45.8381 137.313> 325 24<293.377 332.982>
AnchorPoint: "Top" 187.934 489 mark 0
LayerCount: 2
Fore
Refer: 470 58080 N 0.959366 0.282166 -0.282166 0.959366 502.013 106.191 2
Refer: 49 775 S 1 0 0 1 381.156 95.468 2
EndChar
