StartChar: uniE2F8
Encoding: 58104 58104 2580
Width: 425
VWidth: 657
Flags: HW
HStem: -7 25<34 58.0979 295 312.5> 138 30<175 275.575> 395 20G<232.5 267> 465.319 133.361
VStem: 112.22 252.561 234 31<355.154 415>
AnchorPoint: "Top" 238.963 489 mark 0
LayerCount: 2
Fore
Refer: 472 58082 S 0.742774 -0.0991305 0.336709 0.795726 147.828 179.693 2
Refer: 471 58081 N 1 0 0 1 436 30 2
EndChar
