StartChar: uniE2C9
Encoding: 58057 58057 2605
Width: 719
VWidth: 0
Flags: HW
HStem: -7 18<33 46.5502 203.436 236.667 487.333 524.463 679.953 704> 247 38<236 462> 672.448 43.8333<299.02 452.776> 751.3 169.7
VStem: 244.765 263.47 348.5 127
AnchorPoint: "Top" 377 671 mark 0
LayerCount: 2
Fore
Refer: 90 58018 S 0.866025 -0.5 0.5 0.866025 -69.4303 155.427 2
Refer: 162 58023 N 1 0 0 1 216 -75 2
EndChar
