StartChar: uniE477
Encoding: 58487 58487 2421
Width: 855
Flags: HW
HStem: -287 44.4951<488.881 559.245> -10 21G<211.117 215.904 768.863 773.642> 0.754883 75.3525<257.163 363.381 616.783 729.981> 516.048 23.76<103.998 150.647> 650.832 79.92<78.6202 124.725> 657 49<375.08 563.066> 796.019 23.1G<-1.66699 17.7252> 805.193 49.1337<84.5874 193.876> 832.454 48.6256<34.5876 144.64>
VStem: -1.66699 227.589 23.2065 47.52<558.127 635.887> 167 93<334.929 517.115> 201 40<91.9703 196.875> 447.95 65.9873<-241.952 -81.5438> 461.954 71.1582<-212.355 -79.5068> 725 101<323.745 498.491> 746 43<92.199 191.651>
LayerCount: 2
Fore
Refer: 1582 8047 N 1 0 0 1 0 0 3
Refer: 961 890 N 1 0 0 1 442.422 8 2
EndChar
