StartChar: zero.tabulartextalt
Encoding: 58422 58422 1727
Width: 463
UnlinkRmOvrlpSave: 1
Flags: HW
HStem: -5.88965 22.9296<186.822 277.851> 369.96 22.94<162.797 255.301>
VStem: 15.1602 65.2008<118.057 273.999> 353.968 65.032<109.211 280.086>
LayerCount: 2
Fore
Refer: 1967 58113 N 0.225171 0.273154 -0.723398 0.596323 120.415 58.4231 2
Refer: 672 58368 N 1 0 0 1 0 0 2
EndChar
