StartChar: afii10078
Encoding: 1084 1084 60
Width: 588
Flags: W
HStem: -6.56641 26.5195<-20.1211 29.081 103.88 136.158> -1.95801 25.1133<348.977 397.343 500.435 525.38> 377.833 28.4082<62.5647 103.425 550.588 598.679>
VStem: 228.085 29.4053<3.74121 34.8145> 228.085 62.2363<3.74121 134.17>
LayerCount: 2
Fore
Refer: 337 57359 N 1 0 0 1 -30 0 2
Validated: 1
EndChar
