StartChar: eth.pcap
Encoding: 57389 57389 240
Width: 549
UnlinkRmOvrlpSave: 1
Flags: HW
HStem: -4.59668 29.1143<18.4414 62.1731 126.462 294.314> 183 31<63 303> 371.701 25.1631<89.3836 117.567 217.88 329.648>
LayerCount: 2
Fore
Refer: 487 58113 N 0.24 0 0 0.96875 63 198.5 2
Refer: 197 57350 N 1 0 0 1 0 0 3
EndChar
