StartChar: hbar.pcap
Encoding: 57422 57422 295
Width: 584
UnlinkRmOvrlpSave: 1
Flags: HW
HStem: -7.95996 23.0508<17.5205 45.0357 154.734 182.363 473.839 493.129> 186.323 27.501<178.148 421.384> 286 28<66 545> 378.489 24.8721<95.1819 125.854 220.059 262.049 416.438 439.279>
LayerCount: 2
Fore
Refer: 487 58113 S 0.479 0 0.185987 0.875 79 300 2
Refer: 293 57354 N 1 0 0 1 0 0 3
EndChar
