StartChar: lcaron.pcap
Encoding: 57433 57433 323
Width: 423
Flags: HW
HStem: -18.6309 21G<336.402 362.889> -4.59668 28.0859<26.2275 62.2257> 0.587891 34.6445<156.773 315.832> 270.494 206.751 369.193 29.8018<96.3697 125.58 220.451 272.197>
VStem: 377.75 61<391.846 461.311>
LayerCount: 2
Fore
Refer: 659 789 N 1 0 0 1 437.5 -180 2
Refer: 319 57358 N 1 0 0 1 0 0 3
EndChar
