StartChar: ldot.pcap
Encoding: 57434 57434 325
Width: 548
Flags: HW
HStem: -18.6309 21G<336.402 362.889> -4.59668 28.0859<26.2275 62.2257> 0.587891 34.6445<156.773 315.832> 154 140<434.901 463.663> 369.193 29.8018<96.3697 125.58 220.451 272.197>
VStem: 381 136
LayerCount: 2
Fore
Refer: 406 183 N 1 0 0 1 383 -42 2
Refer: 319 57358 N 1 0 0 1 0 0 2
EndChar
