StartChar: lslash.pcap
Encoding: 57435 57435 335
Width: 423
UnlinkRmOvrlpSave: 1
Flags: HW
HStem: -18.6309 21G<336.402 362.889> -4.59668 28.0859<26.2275 62.2257> 0.587891 34.6445<156.773 315.832> 369.193 29.8018<96.3697 125.58 220.451 272.197>
LayerCount: 2
Fore
Refer: 677 823 N 0.771312 -0.472346 0.0118908 0.919093 381.902 -109.269 2
Refer: 319 57358 N 1 0 0 1 0 0 3
EndChar
