StartChar: numbersign
Encoding: 35 35 357
Width: 463
VWidth: 0
UnlinkRmOvrlpSave: 1
Flags: HW
LayerCount: 2
Fore
Refer: 487 58113 S -0.182196 -0.635394 1.0403 -0 431.196 635.394 2
Refer: 487 58113 N -0.182196 -0.635394 1.0403 -0 310.196 635.394 2
Refer: 486 58115 N -0.325756 -0.0284999 -0.295248 -1.02965 467.756 409.5 2
Refer: 486 58115 N -0.325756 -0.0284999 -0.295248 -1.02965 415.756 245.5 2
EndChar
