StartChar: onetenth.afrcalt
Encoding: 58449 58449 392
Width: 463
UnlinkRmOvrlpSave: 1
Flags: HW
HStem: 0 28.8389<3.86719 47.9947 163.911 208.596 300.378 367.144> 242.537 31.4629<11.6289 54.0053 307.501 380.145> 251.199 26.7402<174.924 203.18> 328 28<34 428> 416 20.0625<127.467 167.753 255.679 294.712> 670.525 18.2988<187.772 223.106> 677.6 18.3701<312.848 346.194>
VStem: 68.7754 82.8027<41.6264 236.252> 124.934 223.923 208.08 96.3223<58.6847 216.87> 369.318 98.6816<49.3063 211.542>
LayerCount: 2
Fore
Refer: 294 58112 S 0.158766 0.18264 -0.75471 0.656059 229.617 43.6801 2
Refer: 391 58445 N 1 0 0 1 0 0 2
EndChar
