StartChar: tbar.pcap
Encoding: 57453 57453 480
Width: 492
UnlinkRmOvrlpSave: 1
Flags: W
HStem: -7.30371 28.4893<108.016 166.548 266.66 306.696> 183 31<124 364> 356.938 36.833<113.843 238.49 321.793 442.993> 381.541 28.8818G<107.866 118.418 480.858 497.979>
LayerCount: 2
Fore
Refer: 487 58113 N 0.24 0 0 0.96875 124 198.5 2
Refer: 477 57366 N 1 0 0 1 0 0 3
EndChar
