StartChar: uni0246
Encoding: 582 582 612
Width: 624
UnlinkRmOvrlpSave: 1
Flags: W
HStem: -10 36<16.2021 72.3819> 2.51809 37.9647<193 436.179> 337 36<239.173 433.499> 646.089 38.2543<310.833 494.931> 659 31<160.571 210.032> 680 20G<578.042 588.914>
VStem: 450.604 36.7646<251 328.377> 531.983 25.9209<536 581.468>
LayerCount: 2
Fore
Refer: 487 58113 N 0.512153 0.819214 -0.901492 0.563039 83.4234 -68.1662 2
Refer: 1264 69 N 1 0 0 1 0 0 2
EndChar
