StartChar: uni0211.alt
Encoding: 58127 58127 594
Width: 355
Flags: HW
HStem: -5 32<42 71 189 285> 316 108<281 347>
VStem: 103 69<53 321>
LayerCount: 2
Fore
Refer: 653 783 S 0.984808 -0.173648 0.173648 0.984808 409.703 22.1297 2
Refer: 438 114 N 1 0 0 1 0 0 3
EndChar
