StartChar: uni023B
Encoding: 571 571 604
Width: 620
UnlinkRmOvrlpSave: 1
Flags: HW
HStem: -9 42<366.099 572.906> 659 40<342.855 564.759>
VStem: 62 103<245.223 465.81> 652 33<522.188 588.436> 692 27<150.932 169.074>
LayerCount: 2
Fore
Refer: 487 58113 S 0.512153 0.819214 -0.901492 0.563039 140.423 -68.1662 2
Refer: 1254 67 N 1 0 0 1 0 0 2
EndChar
