StartChar: uni0243
Encoding: 579 579 609
Width: 588
UnlinkRmOvrlpSave: 1
Flags: HW
HStem: -4 38<19.3117 95.2324 190.437 368.812> 180.316 41.2647<60.5161 367.515> 349 30<261.312 396.516> 653 41<188.312 235.625 338.896 459.297>
VStem: 60.5161 306.999<180.316 221.581>
LayerCount: 2
Fore
Refer: 1338 58035 S 0.87714 0 0 0.897059 413.565 -115.265 2
Refer: 1250 66 N 1 0 0 1 4 0 2
EndChar
