StartChar: uni023C
Encoding: 572 572 605
Width: 367
Flags: W
HStem: -15 53<150.021 237.281> 359 63<212.666 304.636>
VStem: 43.6688 74.9532<71.9391 229.688>
LayerCount: 2
Fore
Refer: 487 58113 S 0.266033 0.510192 -0.832446 0.432622 78.484 -55.0962 2
Refer: 177 99 N 1 0 0 1 0 0 2
Validated: 5
EndChar
