StartChar: uni0211.alt
Encoding: 58127 58127 594
Width: 359
Flags: HW
HStem: 406 20G<322.492 342.992> 413 20G<154.492 180.492 322.492 342.992>
VStem: 44.4925 19<295.105 306.953> 55.4925 68<0 66.3041>
LayerCount: 2
Fore
Refer: 653 783 S 0.999916 -0.0129691 0.0129691 0.999916 401.141 43.156 2
Refer: 438 114 N 1 0 0 1 0 0 3
EndChar
