StartChar: uni01E5.pcap
Encoding: 57489 57489 582
Width: 548
UnlinkRmOvrlpSave: 1
Flags: W
HStem: -5.66797 27.3799<224.397 338.048> 93 29<296 489> 383.816 28.5996<269.987 394.384>
VStem: 460.41 21.3311<300.813 321.367>
LayerCount: 2
Fore
Refer: 487 58113 N 0.193 0 0 0.90625 296 107.5 2
Refer: 277 57353 N 1 0 0 1 0 0 3
EndChar
