StartChar: uni023A
Encoding: 570 570 603
Width: 665
UnlinkRmOvrlpSave: 1
Flags: W
HStem: -10 43<115.227 172.116 556.577 595.188> 245 42<265.295 443.093> 691 20G<506.822 552.39>
VStem: 449.779 92.5742<383.39 544>
LayerCount: 2
Fore
Refer: 487 58113 N 0.511902 0.819214 -0.901051 0.563039 130.092 -68.1662 2
Refer: 1243 65 N 1 0 0 1 0 0 2
EndChar
