StartChar: uni0211.alt
Encoding: 58127 58127 594
Width: 387
Flags: HW
HStem: 406 20G<322.48 342.98> 413 20G<154.48 180.48 322.48 342.98>
VStem: 44.4801 19<295.105 306.953> 55.4801 68<0 66.3041>
LayerCount: 2
Fore
Refer: 653 783 S 0.999916 -0.0129691 0.0129691 0.999916 401.129 43.156 2
Refer: 438 114 N 1 0 0 1 0 0 3
EndChar
