StartChar: uni023E
Encoding: 574 574 606
Width: 701
UnlinkRmOvrlpSave: 1
Flags: W
HStem: -21 51<156.854 261.432> -11 44<373.699 443.854> 632 51<205.933 416.854 507.181 725.797> 676 34G<191.854 208.354 784.854 807.854>
LayerCount: 2
Fore
Refer: 487 58113 N 0.511902 0.819214 -0.901051 0.563039 137.092 -68.1662 2
Refer: 1322 84 N 1 0 0 1 0 0 2
EndChar
