StartChar: uni033B
Encoding: 827 827 680
Width: 0
VWidth: 1159
UnlinkRmOvrlpSave: 1
Flags: HW
HStem: -200 32<-267 -121> -89 32<-267 -121>
AnchorPoint: "Bottom" -195.916 -15 mark 0
LayerCount: 2
Fore
Refer: 487 58113 S 0.0303956 0.143 -1 0 -179.511 -200 2
Refer: 487 58113 S 0.0303956 0.143 -1 0 -293.511 -200 2
Refer: 487 58113 S -0.146 0 -0.212557 -1 -136.517 -73 2
Refer: 487 58113 S -0.146 0 -0.212557 -1 -160.11 -184 2
EndChar
