StartChar: uni023C
Encoding: 572 572 605
Width: 367
Flags: HW
HStem: -15 52<197 345> 357 60<181 320>
VStem: 46 71<119 282>
LayerCount: 2
Fore
Refer: 487 58113 S 0.266033 0.510192 -0.832446 0.432622 78.484 -55.0962 2
Refer: 177 99 N 1 0 0 1 0 0 2
EndChar
