StartChar: uni0247
Encoding: 583 583 613
Width: 365
Flags: W
HStem: -15 51<144.518 239.037> 367 54<195.549 266.884>
VStem: 46.5302 71.9619<61.4685 197.627> 284 60<289.245 349.853>
LayerCount: 2
Fore
Refer: 487 58113 N 0.266033 0.510192 -0.832446 0.432622 87.4837 -55.0962 2
Refer: 215 101 N 1 0 0 1 0 0 2
Validated: 5
EndChar
