StartChar: uni023B
Encoding: 571 571 604
Width: 654
UnlinkRmOvrlpSave: 1
Flags: W
HStem: -10 42<272.261 452.544> 659 40<378.592 571.447>
VStem: 625.823 37.3193<525.562 600.835>
LayerCount: 2
Fore
Refer: 487 58113 S 0.512153 0.819214 -0.901492 0.563039 147.853 -68.1662 2
Refer: 1254 67 N 1 0 0 1 0 0 2
EndChar
