StartChar: uni023E
Encoding: 574 574 606
Width: 711
UnlinkRmOvrlpSave: 1
Flags: HW
HStem: -7 44<442.307 536> 634 51<117.399 337.89 437 653.844>
VStem: 335 97<51.3596 333.831>
LayerCount: 2
Fore
Refer: 487 58113 N 0.511902 0.819214 -0.901051 0.563039 139.092 -68.1662 2
Refer: 1322 84 N 1 0 0 1 0 0 2
EndChar
