StartChar: uni0211.alt
Encoding: 58127 58127 594
Width: 355
Flags: W
HStem: 406 20G<322.507 343.007> 413 20G<154.507 180.507 322.507 343.007>
VStem: 44.5073 19<295.105 306.953> 55.5073 68<0 66.3041>
LayerCount: 2
Fore
Refer: 653 783 S 0.999916 -0.0129691 0.0129691 0.999916 401.156 43.156 2
Refer: 438 114 N 1 0 0 1 0 0 3
Validated: 1
EndChar
