StartChar: uni1FED
Encoding: 8173 8173 849
Width: 295
Flags: HW
HStem: 482 84<122.694 197.306 330.694 405.306> 547.175 225.517
VStem: 117 86<487.582 560.441> 265.102 25.0635<562.075 577.102> 325 86<487.582 560.441>
AnchorPoint: "Top" 249.5 465 mark 0
LayerCount: 2
Fore
Refer: 851 8175 S 1 0 0 1 3 69 2
Refer: 1082 57344 N 1 0 0 0.976744 160 524 2
Refer: 1082 57344 N 1 0 0 0.976744 368 524 2
EndChar
