StartChar: uni1FCE
Encoding: 8142 8142 839
Width: 278
Flags: W
HStem: 478.951 225.517
VStem: 257.749 205.956
AnchorPoint: "Top" 207 464 mark 0
LayerCount: 2
Fore
Refer: 856 8189 N 1 0 0 1 37 1 2
Refer: 831 8127 S 0.961524 0.274721 -0.274721 0.961524 109.82 -36.2434 2
Validated: 1
EndChar
