StartChar: uni1F0A
Encoding: 7946 7946 781
Width: 665
Flags: W
HStem: -10 43<137.227 194.116 578.577 617.188> 245 42<287.295 465.093> 518.048 23.76<85.155 135.043> 652.832 79.92<144.744 174.407> 691 20G<528.822 574.39>
VStem: 81.6158 148.644 471.779 92.5742<383.39 544>
AnchorPoint: "Bottom" 311 -15 basechar 0
AnchorPoint: "Top" 548 699 basechar 0
LayerCount: 2
Fore
Refer: 851 8175 N 1.08329 -0.191013 0.191013 1.08329 -39.2958 64.955 2
Refer: 831 8127 N 1.08 0 0 1.08 -94.273 -15.472 2
Refer: 1245 913 N 1 0 0 1 22 0 2
Validated: 1
EndChar
