StartChar: uni1F1A
Encoding: 7962 7962 789
Width: 892
Flags: W
HStem: -10 36<289.202 345.382> 2.51809 37.9647<466 709.179> 337 36<512.173 706.499> 518.048 23.76<95.155 145.043> 646.089 38.2543<583.833 767.931> 652.832 79.92<154.744 184.407> 659 31<433.571 483.032> 680 20G<851.042 861.914>
VStem: 91.6158 148.644 723.604 36.7646<251 328.377> 804.983 25.9209<536 581.468>
LayerCount: 2
Fore
Refer: 851 8175 S 1.08329 -0.191013 0.191013 1.08329 -39.2958 61.955 2
Refer: 831 8127 N 1.08 0 0 1.08 -84.273 -15.472 2
Refer: 1268 917 N 1 0 0 1 273 0 2
Validated: 1
EndChar
