StartChar: uni1F5B
Encoding: 8027 8027 816
Width: 948
Flags: W
HStem: -15 42<417.865 497.509> -9 43<642.681 715.636> 496.048 23.76<147.611 179.485> 625.534 76.2021<424.626 514.232 868.965 981.622> 630.832 79.92<167.987 227.819>
VStem: 604.573 45.7939<375.316 512.432>
AnchorPoint: "Top" 591.165 701 basechar 0
AnchorPoint: "Bottom" 603.165 -13 basechar 0
LayerCount: 2
Fore
Refer: 851 8175 N 1.08329 -0.191013 0.191013 1.08329 -58.2958 137.955 2
Refer: 857 8190 N 1.08 0 0 1.08 -99.9135 -37.472 2
Refer: 1341 933 N 1 0 0 1 259 2 2
Validated: 1
EndChar
