StartChar: uni1F3A
Encoding: 7994 7994 803
Width: 635
Flags: W
HStem: -2 40<254.254 355.115 461.24 542.584> 7.12908 30.8709<254.254 352.04> 518.048 23.76<67.155 117.043> 652 31.4896<588.787 676.446> 652.832 79.92<126.744 156.407> 656 43<398.421 475.543 589.048 676.446>
VStem: 63.6158 148.644
AnchorPoint: "Top" 425 699 basechar 0
AnchorPoint: "Bottom" 421 -15 basechar 0
LayerCount: 2
Fore
Refer: 851 8175 N 1.08329 -0.191013 0.191013 1.08329 -40.2958 97.955 2
Refer: 831 8127 N 1.08 0 0 1.08 -112.273 -15.472 2
Refer: 1281 921 N 1 0 0 1 248 0 2
Validated: 1
EndChar
