StartChar: uni1E9C
Encoding: 7836 7836 768
Width: 210
VWidth: 1159
UnlinkRmOvrlpSave: 1
Flags: HW
HStem: -326 36<-164.972 -124.316> 697 57<308.191 397.684>
LayerCount: 2
Fore
Refer: 677 823 S 0.765537 -0.608919 -0.131231 0.956953 335.407 -105.616 2
Refer: 332 383 N 1 0 0 1 0 0 3
EndChar
