StartChar: uni1FED
Encoding: 8173 8173 849
Width: 295
Flags: W
HStem: 482 84<127.049 192.951 335.049 400.951> 547.175 225.517
VStem: 116 88<492.988 554.957> 265.102 25.0635<562.075 577.102> 324 88<492.988 554.957>
AnchorPoint: "Top" 249.5 465 mark 0
LayerCount: 2
Fore
Refer: 851 8175 S 1 0 0 1 3 69 2
Refer: 1082 57344 N 1 0 0 0.976744 160 524 2
Refer: 1082 57344 N 1 0 0 0.976744 368 524 2
Validated: 1
EndChar
