StartChar: uni1F6C
Encoding: 8044 8044 823
Width: 875
Flags: W
HStem: -12 21G<184.181 186.631 737.037 748.422> 0.754883 75.3525<249.586 352.141 603.614 719.831> 518.048 23.76<42.155 92.0434> 652.832 79.92<101.744 131.407> 663 49<500.18 674.378>
VStem: 38.6158 148.644 214.373 41.1064<84.2582 196> 759.151 42.1152<138.402 191.665>
AnchorPoint: "Top" 508 699 basechar 0
AnchorPoint: "Bottom" 504 -7 basechar 0
LayerCount: 2
Fore
Refer: 856 8189 N 1.08329 0.191013 -0.191013 1.08329 98.2759 -26.841 2
Refer: 831 8127 N 1.08 0 0 1.08 -137.273 -15.472 2
Refer: 1305 937 N 1 0 0 1 144 0 2
Validated: 1
EndChar
