StartChar: uni1F1D
Encoding: 7965 7965 792
Width: 861
Flags: W
HStem: -10 36<258.202 314.382> 2.51809 37.9647<435 678.179> 337 36<481.173 675.499> 646.089 38.2543<552.833 736.931> 659 31<402.571 452.032> 680 20G<820.042 830.914>
VStem: 692.604 36.7646<251 328.377> 773.983 25.9209<536 581.468>
LayerCount: 2
Fore
Refer: 856 8189 N 1.03366 0.376222 -0.376222 1.03366 194.167 -68.4398 2
Refer: 857 8190 S 1.0773 0.0763634 -0.0763634 1.0773 -68.0364 -32.255 2
Refer: 1268 917 N 1 0 0 1 242 0 2
Validated: 1
EndChar
