StartChar: uni205C
Encoding: 8284 8284 900
Width: 596
Flags: W
HStem: 10.8867 140<422.916 451.678> 11.5938 140<78.3661 107.129> 232.172 32<10.501 585.5> 355.144 140<422.916 451.678> 356.558 140<76.2446 105.007>
VStem: 22.3439 136 24.4654 136 369.015 136
LayerCount: 2
Fore
Refer: 487 58113 N -0.574999 0 0 -1 585.5 248.172 2
Refer: 487 58113 N 0 0.574999 -1 0 298 -39.3286 2
Refer: 405 46 N 1 0 0 1 371.015 28.8867 2
Refer: 405 46 N 1 0 0 1 371.015 373.144 2
Refer: 405 46 N 1 0 0 1 26.4654 29.5938 2
Refer: 405 46 N 1 0 0 1 24.3439 374.558 2
EndChar
