StartChar: uni2244
Encoding: 8772 8772 951
Width: 463
UnlinkRmOvrlpSave: 1
Flags: W
HStem: 120 53.9999<26 420> 247.846 58.0546<194.667 373.229> 274.459 57.5523<95.7106 274.584>
LayerCount: 2
Fore
Refer: 950 8771 N 1 0 0 1 0 0 2
Refer: 487 58113 N 0.2155 0.373257 -0.920152 0.53125 123.75 30.3715 2
EndChar
