StartChar: uni26A7
Encoding: 9895 9895 1007
Width: 924
UnlinkRmOvrlpSave: 1
Flags: W
LayerCount: 2
Fore
Refer: 340 58114 N -0.147841 -0.17619 0.666126 -0.558946 301.921 489.095 2
Refer: 340 58114 S -0.198214 0.166322 -0.558946 -0.666126 314.106 326.839 2
Refer: 955 8963 N 0.615149 0.733105 -0.733105 0.615149 423.672 31.8395 2
Refer: 1005 9893 N 1 0 0 1 209 0 2
EndChar
