StartChar: uni2070.alt
Encoding: 58424 58424 903
Width: 344
UnlinkRmOvrlpSave: 1
Flags: W
HStem: 433.81 26.0342<119.512 200.308> 681.84 27.3115<141.099 222.713>
VStem: 26.2598 287.538
LayerCount: 2
Fore
Refer: 294 58112 S 0.220449 0.203772 -0.61526 0.656059 59.7755 469.114 2
Refer: 904 8304 N 1 0 0 1 0 0 2
EndChar
