StartChar: uni2189.alt
Encoding: 58448 58448 937
Width: 644
UnlinkRmOvrlpSave: 1
Flags: W
HStem: -98.1797 21.0801<380.134 422.142> 71.3604 20.2598<438.75 475.747> 220.44 41.54<485.494 565.465> 260.044 27.2881<158.539 239.358> 576.829 28.875<192.668 274.483>
VStem: 376.254 255.558
LayerCount: 2
Fore
Refer: 294 58112 S 0.247324 0.235176 -0.681867 0.696353 92.838 315.412 2
Refer: 938 8585 N 1 0 0 1 0 0 2
EndChar
