StartChar: uni2152.alt
Encoding: 58447 58447 928
Width: 938
UnlinkRmOvrlpSave: 1
Flags: W
HStem: -85.9561 27.2881<729.539 810.358> -83 21.1309<352.297 402.593 493.51 539.157> 230.829 28.875<763.668 845.483> 234.251 18.9648<428.277 468.894> 244.012 19.3838<567.173 604.252> 263 21.1309<75.2969 125.593 216.51 262.157> 580.251 18.9648<151.277 191.894> 590.012 19.3838<290.173 327.252>
VStem: 72.5859 257.407 349.586 257.407
LayerCount: 2
Fore
Refer: 294 58112 N 0.197336 0.235176 -0.829881 0.696353 688.832 -29.5878 2
Refer: 929 8530 N 1 0 0 1 0 0 2
EndChar
