StartChar: uni2080.alt
Encoding: 58425 58425 912
Width: 344
UnlinkRmOvrlpSave: 1
Flags: HW
HStem: -80.1904 26.0342<140.856 220.939> 167.84 27.3115<118.099 202.645>
VStem: 26.54 63.6611<-11.9936 127.206> 246.659 67.3408<-17.464 131.163>
LayerCount: 2
Fore
Refer: 294 58112 S 0.220449 0.203772 -0.61526 0.656059 59.7755 -44.8858 2
Refer: 913 8320 N 1 0 0 1 0 0 2
EndChar
