StartChar: uni221B
Encoding: 8731 8731 941
Width: 458
Flags: W
HStem: -12 21G<164.76 222.966> 373 37<11.4324 80> 483.82 21.0801<-0.866211 41.1424> 653.36 20.2598<57.75 94.747> 761 33<437.235 505> 802.44 41.54<104.494 184.465>
VStem: -4.74609 255.558 171 33<-12 57.2358>
LayerCount: 2
Fore
Refer: 490 58401 N 1 0 0 1 -9 582 2
Refer: 440 8730 N 1 0 0 1 0 0 2
Validated: 1
EndChar
