StartChar: uni266F
Encoding: 9839 9839 995
Width: 277
UnlinkRmOvrlpSave: 1
Flags: W
LayerCount: 2
Fore
Refer: 486 58115 N 0.207 0.0632863 0 1.54545 37 229.357 2
Refer: 486 58115 N 0.207 0.0632863 0 1.54545 37 474.357 2
Refer: 487 58113 N 0 -0.754 0.9375 0 87 746 2
Refer: 487 58113 N 0 -0.754 0.9375 0 196 768 2
EndChar
