StartChar: uni2224
Encoding: 8740 8740 944
Width: 268
Flags: W
LayerCount: 2
Fore
Refer: 487 58113 N 0.237974 0.137394 -0.53125 0.920152 14.5131 199.303 2
Refer: 943 8739 N 1 0 0 1 55 0 2
Validated: 5
EndChar
