StartChar: uni266E
Encoding: 9838 9838 994
Width: 268
UnlinkRmOvrlpSave: 1
Flags: W
LayerCount: 2
Fore
Refer: 486 58115 N 0.184434 0.0541143 0 1.54545 40.283 477.943 2
Refer: 486 58115 N 0.184434 0.0541143 0 1.54545 40.283 232.943 2
Refer: 487 58113 N 0 -0.576 0.9375 0 206 566 2
Refer: 487 58113 N 0 -0.579 0.9375 0 59 770 2
EndChar
