StartChar: uni26A8
Encoding: 9896 9896 1008
Width: 499
Flags: W
HStem: -6.19043 45.9102<187.066 334.55> 409.24 41.9502<168.346 309.235>
VStem: 23.3037 72.2705<141.177 322.529> 404.455 71.2812<126.822 309.69>
LayerCount: 2
Fore
Refer: 340 58114 N -0.23 -2.75645e-08 -6.19865e-08 -0.869566 366.024 513.711 2
Refer: 340 58114 S -2.75645e-08 0.217056 -0.869566 5.84984e-08 251.405 433.944 2
Refer: 1010 9898 N 1 0 0 1 -0.480469 1 2
Refer: 955 8963 N 0.957 -3.86687e-07 4.22247e-07 0.876406 93.7745 166.112 2
Validated: 21
EndChar
