StartChar: uniE493
Encoding: 58515 58515 1154
Width: 665
Flags: HW
HStem: -295 44.4951<359.881 430.245> -10 37<497.198 538.465 662.751 712.047> 245 42<259 449.657> 692 20<370 417.5>
VStem: 318.95 65.9873<-249.952 -89.5438> 332.954 71.1582<-220.355 -87.5068> 372 43<632.023 712>
DStem2: 118 80 176 87 0.391141 0.920331<-3.53261 211.909 245.659 524.174> 429 642 487 236 0.354654 -0.934998<388.302 400.179 571.058 597.203>
LayerCount: 2
Fore
Refer: 830 8126 N 1 0 0 1 730 -1 2
Refer: 1245 913 N 1 0 0 1 0 0 2
EndChar
