StartChar: uniE482
Encoding: 58498 58498 1137
Width: 665
Flags: HW
HStem: -295 44.4951<359.881 430.245> -10 37<497.198 538.465 662.751 712.047> 245 42<259 449.657> 516.048 23.76<189.998 236.647> 650.832 79.92<164.62 210.725> 692 20<370 417.5> 726.337 23.1<61.574 99.245> 739.985 66<193.037 286.363> 781.057 65.3906<113.194 206.501>
VStem: 61.574 273.107 109.207 47.52<558.127 635.887> 318.95 65.9873<-249.952 -89.5438> 332.954 71.1582<-220.355 -87.5068> 372 43<632.023 712>
DStem2: 118 80 176 87 0.391141 0.920331<-3.53261 211.909 245.659 524.174> 429 642 487 236 0.354654 -0.934998<388.302 400.179 571.058 597.203>
LayerCount: 2
Fore
Refer: 830 8126 N 1 0 0 1 730 -1 2
Refer: 786 7951 N 1 0 0 1 0 0 2
EndChar
