StartChar: uniE480
Encoding: 58496 58496 1135
Width: 665
Flags: HW
HStem: -295 44.4951<359.881 430.245> -10 37<504.198 545.465 669.751 719.047> 245 42<266 456.657> 516.048 23.76<105.998 152.647> 650.832 79.92<80.6198 126.725> 692 20<377 424.5>
VStem: 25.2065 47.52<558.127 635.887> 318.95 65.9873<-249.952 -89.5438> 332.954 71.1582<-220.355 -87.5068> 379 43<632.023 712>
DStem2: 125 80 183 87 0.391141 0.920331<-3.53261 211.909 245.659 524.174> 436 642 494 236 0.354654 -0.934998<388.302 400.179 571.058 597.203>
LayerCount: 2
Fore
Refer: 830 8126 N 1 0 0 1 737 -1 2
Refer: 784 7949 N 1 0 0 1 0 0 2
EndChar
