StartChar: uniE47D
Encoding: 58493 58493 1132
Width: 665
Flags: HW
HStem: -295 44.4951<350.881 421.245> -10 37<510.198 551.465 675.751 725.047> 245 42<272 462.657> 518.048 23.76<22.1909 68.8395> 652.832 79.92<48.1125 93.0645> 692 20<383 430.5>
VStem: 101.031 48.6<558.997 638.051> 309.95 65.9873<-249.952 -89.5438> 323.954 71.1582<-220.355 -87.5068> 385 43<632.023 712>
DStem2: 131 80 189 87 0.391141 0.920331<-3.53261 211.909 245.659 524.174> 442 642 500 236 0.354654 -0.934998<388.302 400.179 571.058 597.203>
LayerCount: 2
Fore
Refer: 830 8126 N 1 0 0 1 743 -1 2
Refer: 781 7946 N 1 0 0 1 0 0 2
EndChar
