StartChar: uniFB4A
Encoding: 64330 64330 1200
Width: 561
Flags: W
HStem: 231.3 102.325 440.2 127.04<166.8 387.854>
VStem: 280.12 99.9625 436.56 20.3203<-8.45655 3.17762> 459.687 46.7139<37.917 367.349>
LayerCount: 2
Fore
Refer: 121 1514 N 1 0 0 1 0 0 2
Refer: 138 1468 N 1 0 0 1 64 0 2
Validated: 5
EndChar
