StartChar: uniFB48
Encoding: 64328 64328 1198
Width: 494
Flags: HW
HStem: -11.7197 21G<384.2 405.536> 231.3 102.325 440.2 127.04<106.64 326.779>
VStem: 181.12 99.9625 384.2 15.04<-7.93489 2.44507> 398.046 50.1943<42.8699 369.253>
LayerCount: 2
Fore
Refer: 119 1512 N 1 0 0 1 0 0 2
Refer: 138 1468 N 1 0 0 1 -35 0 2
EndChar
