StartChar: zero.alt
Encoding: 58420 58420 1226
Width: 502
UnlinkRmOvrlpSave: 1
Flags: W
HStem: -5 33<173.776 285.07> 369 36<215.091 331.043>
LayerCount: 2
Fore
Refer: 487 58113 S 0.283232 0.273154 -0.596646 0.596323 110.385 68.4231 2
Refer: 1229 48 N 1 0 0 1 0 0 2
EndChar
