StartChar: zero.tabulartextalt
Encoding: 58422 58422 1239
Width: 463
UnlinkRmOvrlpSave: 1
Flags: HW
HStem: 1 33<183.15 299.348> 358 36<160.377 282.898>
VStem: 35 73<109.281 280.474> 348 79<105.768 284.433>
LayerCount: 2
Fore
Refer: 487 58113 S 0.283232 0.273154 -0.596646 0.596323 95.3847 66.4231 2
Refer: 1238 58368 N 1 0 0 1 0 0 2
EndChar
