StartChar: zero.alt
Encoding: 58420 58420 1226
Width: 502
UnlinkRmOvrlpSave: 1
Flags: HW
HStem: 1 33<203.15 319.348> 358 36<180.377 302.898>
VStem: 55 73<109.281 280.474> 368 79<105.768 284.433>
LayerCount: 2
Fore
Refer: 487 58113 S 0.283232 0.273154 -0.596646 0.596323 110.385 68.4231 2
Refer: 1229 48 N 1 0 0 1 0 0 2
EndChar
