StartChar: zero.numeratoralt
Encoding: 58426 58426 1231
Width: 345
UnlinkRmOvrlpSave: 1
Flags: HW
HStem: 260 28<154.77 236.217> 577 29<129.227 215.365>
VStem: 30 65<348.838 520.204> 267 69<340.181 525.995>
LayerCount: 2
Fore
Refer: 294 58112 S 0.247324 0.235176 -0.681867 0.696353 91.838 316.412 2
Refer: 1230 58408 N 1 0 0 1 0 0 2
EndChar
