StartChar: zero.proportionalliningalt
Encoding: 58421 58421 1233
Width: 499
UnlinkRmOvrlpSave: 1
Flags: HW
HStem: -10 33<219.172 311.266> 620 36<184.683 286.028>
VStem: 54 73<175.959 491.558> 367 79<157.951 499.232>
LayerCount: 2
Fore
Refer: 487 58113 S 0.337948 0.349802 -0.628796 0.564202 102.533 142.099 2
Refer: 1232 58388 N 1 0 0 1 0 0 2
EndChar
