StartChar: zero.numeratoralt
Encoding: 58426 58426 1231
Width: 345
UnlinkRmOvrlpSave: 1
Flags: W
HStem: 260.044 27.2881<158.539 239.358> 576.829 28.875<192.668 274.483>
LayerCount: 2
Fore
Refer: 294 58112 S 0.247324 0.235176 -0.681867 0.696353 91.838 316.412 2
Refer: 1230 58408 N 1 0 0 1 0 0 2
EndChar
