StartChar: zerothirds.afrcalt
Encoding: 58450 58450 1241
Width: 463
UnlinkRmOvrlpSave: 1
Flags: HW
HStem: -13 20<110.812 160.966> 120 19<165.082 200.505> 241 41<200.075 272.012> 328 28<34 428> 415.81 26.0342<182.512 263.308> 663.84 27.3115<204.099 285.713>
VStem: 89.2598 287.538 107.062 227.274
LayerCount: 2
Fore
Refer: 294 58112 S 0.177136 0.203772 -0.75471 0.656059 202.432 451.114 2
Refer: 1240 58446 N 1 0 0 1 0 0 2
EndChar
