StartChar: numbersign
Encoding: 35 35 335
Width: 533
UnlinkRmOvrlpSave: 1
Flags: HW
LayerCount: 2
Fore
Refer: 1961 58113 N -0.201638 -0.634 1.06635 0 522.7 634 2
Refer: 1961 58113 N -0.201638 -0.634 1.06635 0 346.7 634 2
Refer: 1963 58115 N -0.389702 -0.0289243 -0.309378 -1.03145 570.15 459.962 2
Refer: 1963 58115 N -0.389702 -0.0289243 -0.309378 -1.03145 486.254 195.962 2
EndChar
