StartChar: uni024F
Encoding: 591 591 2473
Width: 452
Flags: HW
HStem: 365 30<6 34 167 182 274 336 407 441> 478.6 184.8
VStem: 117.75 225.5
DStem2: 173 -32 380 308 0.447214 0.894427<-152.969 14.7689>
LayerCount: 2
Fore
Refer: 441 821 N 1.55704 0 0 0.90921 531.598 -188.383 2
Refer: 24 121 N 1 0 0 1 0 0 3
EndChar
