StartChar: uni022D.pcap
Encoding: 57524 57524 1829
Width: 591
Flags: HW
HStem: -12 77<238 380.814> 433 79<207.486 352.49> 684.246 80.9567<169.896 428.896>
VStem: 27 115<161.882 350.475> 453 105<152.614 330.102>
LayerCount: 2
Fore
Refer: 100 771 N 0.996195 -0.0871557 0.0871557 0.996195 413.076 -71.3196 2
Refer: 101 772 N 1 0 0 1 470.896 97.224 2
Refer: 657 57361 N 1 0 0 1 0 0 3
EndChar
