StartChar: uni0230
Encoding: 560 560 790
Width: 792
Flags: HW
HStem: -16 72<348.672 528.99> 616 73<286.654 477.048> 695.676 91.4<360.656 459.344> 797.096 63.8595<256 567>
VStem: 48 119<261.919 449.449> 349.5 121<704.133 778.652> 655 115<214.618 413.376>
LayerCount: 2
Fore
Refer: 40 79 N 1 0 0 1 0 0 3
Refer: 164 58025 N 1 0 0 0.769359 332 128.966 2
Refer: 160 58021 N 1 0 0 0.802169 263 201.887 2
Position2: "cpsp-1" dx=0 dy=0 dh=50 dv=100
EndChar
