StartChar: uni1E1F
Encoding: 7711 7711 545
Width: 385
Flags: HW
HStem: 738.701 113.3<114.161 210.892>
VStem: 103.227 118.6<749.184 841.559>
LayerCount: 2
Fore
Refer: 49 775 N 0.877221 0 0 0.854451 316.918 240.812 2
Refer: 5 102 N 1 0 0 1 0 0 3
EndChar
