StartChar: uni1EA5.pcap
Encoding: 57623 57623 1897
Width: 549
Flags: HW
HStem: -8 67<33.2113 75.9979 483.002 522> 124 66<203 336> 489 20G<246.5 325> 533.319 131.361
VStem: 150.866 268.561
LayerCount: 2
Fore
Refer: 470 58080 N 0.745874 0.125851 -0.313113 1.02483 677.65 98.8114 2
Refer: 471 58081 N 1 0 0 1 482 111 2
Refer: 643 57347 N 1 0 0 1 0 0 3
EndChar
