StartChar: uni1E53
Encoding: 7763 7763 811
Width: 490
Flags: HW
HStem: -11 74<235.683 375.593> 440 77<194.436 334.919> 636.022 80.9567<168.5 427.5>
VStem: 30 100<179.83 346.467> 436 104<152.433 329.656>
LayerCount: 2
Fore
Refer: 470 58080 N 0.998472 0.055258 -0.055258 0.998472 504.188 120.252 2
Refer: 101 772 N 1 0 0 1 469.5 -22 2
Refer: 14 111 N 1 0 0 1 0 0 2
EndChar
