StartChar: uni1E4D
Encoding: 7757 7757 805
Width: 490
Flags: HW
HStem: -11 74<235.683 375.593> 440 77<194.436 334.919> 627.408 86<320.331 388.951> 674.746 85.4463<235.486 308.66>
VStem: 30 100<179.83 346.467> 163.584 294.106 436 104<152.433 329.656>
LayerCount: 2
Back
Refer: 470 58080 N 1 0 0 1 388 117 2
Refer: 100 771 N 1 0 0 1 471 45 2
Refer: 14 111 N 1 0 0 1 0 0 3
Fore
Refer: 470 58080 N 0.635145 0.772393 -0.772393 0.635145 706.078 355.521 2
Refer: 100 771 N 1 0 0 1 559 -34 2
Refer: 14 111 N 1 0 0 1 0 0 3
EndChar
