StartChar: zerothirds.afrcalt
Encoding: 58450 58450 1730
Width: 533
UnlinkRmOvrlpSave: 1
Flags: HW
HStem: -13 53<179 243.067> 110 50<240 260.096> 214 68<197.12 268.62> 314.875 54.25<141 535> 415.81 58.0342<314.981 414.622> 632.84 58.3115<299.774 399.266>
VStem: 211.54 73.6611<504.905 617.642> 269 84<170.709 238> 276 92<67.7374 117.528> 428.659 70.3408<488.272 603.813>
LayerCount: 2
Fore
Refer: 1960 58112 S 0.177136 0.203772 -0.75471 0.656059 296.432 451.114 2
Refer: 1418 58446 N 1 0 0 1 0 0 2
EndChar
